C:\Users\Public\Documents\Novel Studio\load_data\2025-12-15\14\loadapp_2025-12-15_12-32-49-587.load
Comment s14h crashed (1)
	PRW260-R::front	PRW260-R::mid	PRW260-R::heel	PRW260-R		PRW261-L::heel	PRW261-L::mid	PRW261-L::front	PRW261-L		Notes	
Time[secs]	Force[N]	Force[N]	Force[N]	Force[N]	Time[secs]	Force[N]	Force[N]	Force[N]	Force[N]	Time[secs]	
0.000	74.880	64.800	109.920	249.600	0.000	151.960	109.040	290.000	551.000	0.000		
0.010	72.480	64.800	109.920	247.200	0.010	151.960	111.360	290.000	553.320	0.010		
0.020	74.880	62.400	112.320	249.600	0.020	151.960	109.040	290.000	551.000	0.020		
0.030	72.480	62.400	112.320	247.200	0.030	151.960	109.040	286.520	547.520	0.030		
0.040	72.480	62.400	114.720	249.600	0.040	154.280	109.040	286.520	549.840	0.040		
0.050	69.600	62.400	114.720	246.720	0.050	154.280	109.040	286.520	549.840	0.050		
0.060	69.600	60.000	114.720	244.320	0.060	151.960	106.720	284.200	542.880	0.060		
0.070	69.600	60.000	114.720	244.320	0.070	154.280	106.720	284.200	545.200	0.070		
0.080	69.600	62.400	117.120	249.120	0.080	154.280	106.720	284.200	545.200	0.080		
0.090	67.200	60.000	117.120	244.320	0.090	154.280	109.040	286.520	549.840	0.090		
0.100	67.200	60.000	117.120	244.320	0.100	154.280	106.720	284.200	545.200	0.100		
0.110	67.200	60.000	120.000	247.200	0.110	156.600	106.720	284.200	547.520	0.110		
0.120	67.200	60.000	120.000	247.200	0.120	154.280	106.720	284.200	545.200	0.120		
0.130	67.200	60.000	117.120	244.320	0.130	154.280	106.720	284.200	545.200	0.130		
0.140	67.200	60.000	120.000	247.200	0.140	154.280	106.720	284.200	545.200	0.140		
0.150	67.200	60.000	120.000	247.200	0.150	157.320	107.160	285.000	549.480	0.150		
0.160	67.200	60.000	120.000	247.200	0.160	157.320	107.160	281.580	546.060	0.160		
0.170	67.200	60.000	117.120	244.320	0.170	157.320	107.160	285.000	549.480	0.170		
0.180	69.600	60.000	117.120	246.720	0.180	153.900	107.160	285.000	546.060	0.180		
0.190	67.200	60.000	120.000	247.200	0.190	153.900	107.160	281.580	542.640	0.190		
0.200	67.200	60.000	120.000	247.200	0.200	153.900	107.160	281.580	542.640	0.200		
0.210	67.200	60.000	120.000	247.200	0.210	153.900	107.160	281.580	542.640	0.210		
0.220	67.200	60.000	120.000	247.200	0.220	157.320	107.160	285.000	549.480	0.220		
0.230	67.200	60.000	120.000	247.200	0.230	157.320	107.160	281.580	546.060	0.230		
0.240	67.200	60.000	120.000	247.200	0.240	157.320	107.160	285.000	549.480	0.240		
0.250	64.800	60.000	120.000	244.800	0.250	157.320	107.160	285.000	549.480	0.250		
0.260	67.200	60.000	120.000	247.200	0.260	157.320	109.440	281.580	548.340	0.260		
0.270	67.200	60.000	120.000	247.200	0.270	157.320	107.160	285.000	549.480	0.270		
0.280	64.800	60.000	120.000	244.800	0.280	157.320	109.440	281.580	548.340	0.280		
0.290	67.200	60.000	120.000	247.200	0.290	157.320	107.160	285.000	549.480	0.290		
0.300	67.200	62.400	120.000	249.600	0.300	157.320	109.440	285.000	551.760	0.300		
0.310	67.200	60.000	120.000	247.200	0.310	157.320	109.440	281.580	548.340	0.310		
0.320	67.200	60.000	120.000	247.200	0.320	157.320	107.160	281.580	546.060	0.320		
0.330	67.200	62.400	120.000	249.600	0.330	157.320	107.160	281.580	546.060	0.330		
0.340	69.600	62.400	120.000	252.000	0.340	157.320	107.160	281.580	546.060	0.340		
0.350	67.200	60.000	117.120	244.320	0.350	157.320	107.160	285.000	549.480	0.350		
0.360	69.600	60.000	117.120	246.720	0.360	157.320	107.160	285.000	549.480	0.360		
0.370	67.200	60.000	120.000	247.200	0.370	157.320	107.160	285.000	549.480	0.370		
0.380	67.200	60.000	120.000	247.200	0.380	157.320	107.160	281.580	546.060	0.380		
0.390	67.200	60.000	120.000	247.200	0.390	157.320	109.440	281.580	548.340	0.390		
0.400	67.200	60.000	120.000	247.200	0.400	157.320	107.160	285.000	549.480	0.400		
0.410	67.200	62.400	120.000	249.600	0.410	157.320	107.160	281.580	546.060	0.410		
0.420	67.200	60.000	120.000	247.200	0.420	157.320	107.160	285.000	549.480	0.420		
0.430	67.200	60.000	120.000	247.200	0.430	157.320	107.160	281.580	546.060	0.430		
0.440	67.200	60.000	120.000	247.200	0.440	157.320	107.160	285.000	549.480	0.440		
0.450	67.200	60.000	120.000	247.200	0.450	157.320	107.160	285.000	549.480	0.450		
0.460	67.200	60.000	117.120	244.320	0.460	157.320	107.160	285.000	549.480	0.460		
0.470	67.200	60.000	117.120	244.320	0.470	157.320	107.160	281.580	546.060	0.470		
0.480	69.600	60.000	117.120	246.720	0.480	157.320	107.160	281.580	546.060	0.480		
0.490	69.600	60.000	117.120	246.720	0.490	157.320	107.160	281.580	546.060	0.490		
0.500	67.200	60.000	117.120	244.320	0.500	157.320	107.160	281.580	546.060	0.500		
0.510	67.200	62.400	117.120	246.720	0.510	157.320	107.160	281.580	546.060	0.510		
0.520	69.600	60.000	117.120	246.720	0.520	157.320	107.160	281.580	546.060	0.520		
0.530	67.200	60.000	117.120	244.320	0.530	157.320	107.160	285.000	549.480	0.530		
0.540	69.600	60.000	117.120	246.720	0.540	157.320	107.160	281.580	546.060	0.540		
0.550	67.200	60.000	117.120	244.320	0.550	157.320	107.160	285.000	549.480	0.550		
0.560	69.600	60.000	117.120	246.720	0.560	157.320	109.440	281.580	548.340	0.560		
0.570	67.200	62.400	117.120	246.720	0.570	157.320	109.440	281.580	548.340	0.570		
0.580	67.210	59.690	117.500	244.400	0.580	157.320	109.440	281.580	548.340	0.580		
0.590	67.210	62.040	117.500	246.750	0.590	157.320	109.440	281.580	548.340	0.590		
0.600	67.210	62.040	117.500	246.750	0.600	156.400	109.250	281.750	547.400	0.600		
0.610	67.210	59.690	117.500	244.400	0.610	156.400	109.250	284.050	549.700	0.610		
0.620	67.210	59.690	117.500	244.400	0.620	156.400	109.250	284.050	549.700	0.620		
0.630	69.560	62.040	117.500	249.100	0.630	156.400	109.250	284.050	549.700	0.630		
0.640	67.210	59.690	117.500	244.400	0.640	159.850	109.250	284.050	553.150	0.640		
0.650	67.210	59.690	114.680	241.580	0.650	156.400	109.250	284.050	549.700	0.650		
0.660	67.210	59.690	117.500	244.400	0.660	156.400	109.250	284.050	549.700	0.660		
0.670	67.210	59.690	117.500	244.400	0.670	156.400	109.250	284.050	549.700	0.670		
0.680	67.210	59.690	117.500	244.400	0.680	156.400	109.250	284.050	549.700	0.680		
0.690	67.210	59.690	117.500	244.400	0.690	156.400	109.250	284.050	549.700	0.690		
0.700	69.560	59.690	117.500	246.750	0.700	156.400	109.250	281.750	547.400	0.700		
0.710	67.210	59.690	117.500	244.400	0.710	156.400	109.250	284.050	549.700	0.710		
0.720	67.210	62.040	117.500	246.750	0.720	156.400	109.250	284.050	549.700	0.720		
0.730	67.210	59.690	117.500	244.400	0.730	156.400	109.250	287.500	553.150	0.730		
0.740	69.560	59.690	117.500	246.750	0.740	156.400	109.250	284.050	549.700	0.740		
0.750	69.560	59.690	114.680	243.930	0.750	156.600	109.040	284.200	549.840	0.750		
0.760	69.560	62.040	114.680	246.280	0.760	154.280	109.040	284.200	547.520	0.760		
0.770	69.560	59.690	114.680	243.930	0.770	156.600	109.040	286.520	552.160	0.770		
0.780	69.560	62.040	114.680	246.280	0.780	154.280	109.040	284.200	547.520	0.780		
0.790	69.560	59.690	114.680	243.930	0.790	154.280	109.040	286.520	549.840	0.790		
0.800	69.560	59.690	114.680	243.930	0.800	154.280	109.040	286.520	549.840	0.800		
0.810	69.560	62.040	114.680	246.280	0.810	154.280	111.360	286.520	552.160	0.810		
0.820	69.560	62.040	114.680	246.280	0.820	154.280	111.360	290.000	555.640	0.820		
0.830	69.560	62.040	114.680	246.280	0.830	154.280	111.360	290.000	555.640	0.830		
0.840	69.560	62.040	112.330	243.930	0.840	154.280	109.040	290.000	553.320	0.840		
0.850	69.560	62.040	112.330	243.930	0.850	151.960	109.040	290.000	551.000	0.850		
0.860	69.560	62.040	112.330	243.930	0.860	154.280	111.360	290.000	555.640	0.860		
0.870	69.560	62.040	112.330	243.930	0.870	151.960	111.360	290.000	553.320	0.870		
0.880	69.750	62.100	112.500	244.350	0.880	154.280	111.360	290.000	555.640	0.880		
0.890	69.750	62.100	112.500	244.350	0.890	151.960	111.360	290.000	553.320	0.890		
0.900	69.750	62.100	112.500	244.350	0.900	152.100	112.320	288.990	553.410	0.900		
0.910	69.750	62.100	109.800	241.650	0.910	152.100	112.320	288.990	553.410	0.910		
0.920	69.750	62.100	112.500	244.350	0.920	152.100	112.320	292.500	556.920	0.920		
0.930	69.750	62.100	109.800	241.650	0.930	152.100	112.320	292.500	556.920	0.930		
0.940	69.750	62.100	112.500	244.350	0.940	152.100	112.320	288.990	553.410	0.940		
0.950	69.750	62.100	109.800	241.650	0.950	152.100	112.320	292.500	556.920	0.950		
0.960	69.750	62.100	112.500	244.350	0.960	152.100	112.320	288.990	553.410	0.960		
0.970	69.750	62.100	112.500	244.350	0.970	152.100	112.320	288.990	553.410	0.970		
0.980	69.750	59.850	112.500	242.100	0.980	154.440	109.980	288.990	553.410	0.980		
0.990	69.750	62.100	112.500	244.350	0.990	152.100	112.320	288.990	553.410	0.990		
1.000	69.750	62.100	112.500	244.350	1.000	154.440	112.320	288.990	555.750	1.000		
1.010	69.750	62.100	112.500	244.350	1.010	152.100	109.980	288.990	551.070	1.010		
1.020	69.750	62.100	112.500	244.350	1.020	152.100	109.980	288.990	551.070	1.020		
1.030	69.920	62.100	112.240	244.260	1.030	152.100	112.320	292.500	556.920	1.030		
1.040	69.920	62.100	112.240	244.260	1.040	154.440	109.980	288.990	553.410	1.040		
1.050	69.920	59.800	112.240	241.960	1.050	151.960	109.040	290.000	551.000	1.050		
1.060	69.920	62.100	112.240	244.260	1.060	154.280	109.040	290.000	553.320	1.060		
1.070	69.920	62.100	112.240	244.260	1.070	154.280	109.040	290.000	553.320	1.070		
1.080	69.920	62.100	112.240	244.260	1.080	154.280	109.040	290.000	553.320	1.080		
1.090	69.920	62.100	112.240	244.260	1.090	154.280	109.040	290.000	553.320	1.090		
1.100	69.920	59.800	112.240	241.960	1.100	154.280	109.040	290.000	553.320	1.100		
1.110	69.920	62.100	112.240	244.260	1.110	154.280	111.360	286.520	552.160	1.110		
1.120	69.920	59.800	112.240	241.960	1.120	151.960	109.040	290.000	551.000	1.120		
1.130	69.920	62.100	112.240	244.260	1.130	154.280	109.040	290.000	553.320	1.130		
1.140	69.920	62.100	112.240	244.260	1.140	154.280	109.040	290.000	553.320	1.140		
1.150	69.920	62.100	112.240	244.260	1.150	151.960	109.040	286.520	547.520	1.150		
1.160	69.920	62.100	115.000	247.020	1.160	154.280	109.040	290.000	553.320	1.160		
1.170	69.920	62.100	115.000	247.020	1.170	154.280	109.040	290.000	553.320	1.170		
1.180	69.600	62.400	112.320	244.320	1.180	154.280	109.040	286.520	549.840	1.180		
1.190	69.600	62.400	112.320	244.320	1.190	154.280	109.040	286.520	549.840	1.190		
1.200	69.600	62.400	114.720	246.720	1.200	154.100	109.250	287.500	550.850	1.200		
1.210	69.600	62.400	114.720	246.720	1.210	151.800	109.250	287.500	548.550	1.210		
1.220	72.480	62.400	114.720	249.600	1.220	151.800	109.250	287.500	548.550	1.220		
1.230	69.600	62.400	114.720	246.720	1.230	154.100	109.250	287.500	550.850	1.230		
1.240	69.600	62.400	114.720	246.720	1.240	154.100	111.550	287.500	553.150	1.240		
1.250	69.600	62.400	117.120	249.120	1.250	154.100	109.250	287.500	550.850	1.250		
1.260	69.600	62.400	117.120	249.120	1.260	154.100	109.250	287.500	550.850	1.260		
1.270	69.600	62.400	117.120	249.120	1.270	154.100	109.250	287.500	550.850	1.270		
1.280	69.600	62.400	117.120	249.120	1.280	154.100	109.250	287.500	550.850	1.280		
1.290	69.600	62.400	114.720	246.720	1.290	151.800	106.950	284.050	542.800	1.290		
1.300	69.600	62.400	117.120	249.120	1.300	154.100	106.950	284.050	545.100	1.300		
1.310	67.200	62.400	117.120	246.720	1.310	151.800	106.950	287.500	546.250	1.310		
1.320	69.600	60.000	120.000	249.600	1.320	151.800	106.950	284.050	542.800	1.320		
1.330	69.870	59.670	119.850	249.390	1.330	151.800	104.650	284.050	540.500	1.330		
1.340	69.870	62.220	119.850	251.940	1.340	151.800	104.650	284.050	540.500	1.340		
1.350	69.870	62.220	119.850	251.940	1.350	151.620	104.880	281.580	538.080	1.350		
1.360	69.870	62.220	122.400	254.490	1.360	149.340	104.880	285.000	539.220	1.360		
1.370	69.870	62.220	122.400	254.490	1.370	151.620	104.880	281.580	538.080	1.370		
1.380	69.870	62.220	124.950	257.040	1.380	151.620	101.460	281.580	534.660	1.380		
1.390	67.320	62.220	124.950	254.490	1.390	149.340	104.880	281.580	535.800	1.390		
1.400	69.870	59.670	124.950	254.490	1.400	151.620	104.880	285.000	541.500	1.400		
1.410	69.870	62.220	124.950	257.040	1.410	149.340	104.880	281.580	535.800	1.410		
1.420	69.870	59.670	124.950	254.490	1.420	151.620	104.880	281.580	538.080	1.420		
1.430	69.870	62.220	124.950	257.040	1.430	151.620	104.880	281.580	538.080	1.430		
1.440	67.320	62.220	124.950	254.490	1.440	151.620	104.880	281.580	538.080	1.440		
1.450	69.870	62.220	124.950	257.040	1.450	151.620	104.880	279.300	535.800	1.450		
1.460	69.870	62.220	127.500	259.590	1.460	153.900	104.880	281.580	540.360	1.460		
1.470	69.870	62.220	124.950	257.040	1.470	153.900	104.880	281.580	540.360	1.470		
1.480	67.320	62.220	127.500	257.040	1.480	151.620	104.880	281.580	538.080	1.480		
1.490	67.320	62.220	124.950	254.490	1.490	153.900	107.160	281.580	542.640	1.490		
1.500	67.320	62.220	124.950	254.490	1.500	154.810	103.960	282.500	541.270	1.500		
1.510	69.870	59.670	124.950	254.490	1.510	157.070	103.960	282.500	543.530	1.510		
1.520	69.870	62.220	124.950	257.040	1.520	157.070	103.960	282.500	543.530	1.520		
1.530	67.320	62.220	124.950	254.490	1.530	154.810	101.700	279.110	535.620	1.530		
1.540	67.320	59.670	122.400	249.390	1.540	157.070	103.960	279.110	540.140	1.540		
1.550	67.320	59.670	124.950	251.940	1.550	157.070	103.960	282.500	543.530	1.550		
1.560	67.320	59.670	122.400	249.390	1.560	154.810	103.960	282.500	541.270	1.560		
1.570	69.870	59.670	122.400	251.940	1.570	157.070	103.960	282.500	543.530	1.570		
1.580	69.870	59.670	122.400	251.940	1.580	157.070	103.960	279.110	540.140	1.580		
1.590	69.870	62.220	122.400	254.490	1.590	157.070	103.960	279.110	540.140	1.590		
1.600	67.320	59.670	122.400	249.390	1.600	154.810	103.960	279.110	537.880	1.600		
1.610	67.320	62.220	122.400	251.940	1.610	157.070	103.960	279.110	540.140	1.610		
1.620	67.320	62.220	122.400	251.940	1.620	157.070	103.960	279.110	540.140	1.620		
1.630	67.500	62.500	125.000	255.000	1.630	157.070	103.960	279.110	540.140	1.630		
1.640	70.000	60.000	125.000	255.000	1.640	157.070	103.960	279.110	540.140	1.640		
1.650	70.000	62.500	125.000	257.500	1.650	157.070	103.960	279.110	540.140	1.650		
1.660	70.000	60.000	125.000	255.000	1.660	157.070	103.960	279.110	540.140	1.660		
1.670	70.000	62.500	125.000	257.500	1.670	154.810	103.960	279.110	537.880	1.670		
1.680	70.000	62.500	122.500	255.000	1.680	154.810	103.960	279.110	537.880	1.680		
1.690	70.000	62.500	122.500	255.000	1.690	154.810	103.960	279.110	537.880	1.690		
1.700	70.000	62.500	122.500	255.000	1.700	154.810	103.960	282.500	541.270	1.700		
1.710	70.000	62.500	122.500	255.000	1.710	154.810	103.960	282.500	541.270	1.710		
1.720	70.000	62.500	122.500	255.000	1.720	154.810	103.960	279.110	537.880	1.720		
1.730	70.000	62.500	122.500	255.000	1.730	154.810	103.960	279.110	537.880	1.730		
1.740	72.500	62.500	120.000	255.000	1.740	154.810	103.960	282.500	541.270	1.740		
1.750	72.500	62.500	120.000	255.000	1.750	154.810	103.960	282.500	541.270	1.750		
1.760	70.000	62.500	120.000	252.500	1.760	154.810	103.960	282.500	541.270	1.760		
1.770	70.000	62.500	120.000	252.500	1.770	151.420	103.960	282.500	537.880	1.770		
1.780	72.030	62.230	119.560	253.820	1.780	151.420	103.960	282.500	537.880	1.780		
1.790	72.030	62.230	119.560	253.820	1.790	151.420	103.960	282.500	537.880	1.790		
1.800	72.030	64.680	119.560	256.270	1.800	151.620	104.880	281.580	538.080	1.800		
1.810	72.030	62.230	119.560	253.820	1.810	151.620	104.880	279.300	535.800	1.810		
1.820	72.030	62.230	119.560	253.820	1.820	153.900	104.880	279.300	538.080	1.820		
1.830	72.030	64.680	119.560	256.270	1.830	151.620	104.880	279.300	535.800	1.830		
1.840	72.030	64.680	119.560	256.270	1.840	153.900	104.880	281.580	540.360	1.840		
1.850	72.030	64.680	122.500	259.210	1.850	153.900	104.880	281.580	540.360	1.850		
1.860	72.030	64.680	119.560	256.270	1.860	153.900	104.880	279.300	538.080	1.860		
1.870	72.030	62.230	119.560	253.820	1.870	151.620	107.160	279.300	538.080	1.870		
1.880	72.030	62.230	119.560	253.820	1.880	151.620	104.880	281.580	538.080	1.880		
1.890	72.030	64.680	122.500	259.210	1.890	151.620	104.880	281.580	538.080	1.890		
1.900	72.030	64.680	119.560	256.270	1.900	151.620	104.880	281.580	538.080	1.900		
1.910	72.030	62.230	119.560	253.820	1.910	151.620	107.160	281.580	540.360	1.910		
1.920	72.030	64.680	122.500	259.210	1.920	151.620	107.160	281.580	540.360	1.920		
1.930	72.030	62.230	119.560	253.820	1.930	151.620	107.160	285.000	543.780	1.930		
1.940	72.030	62.230	122.500	256.760	1.940	151.620	107.160	281.580	540.360	1.940		
1.950	72.030	62.230	122.500	256.760	1.950	151.620	107.160	281.580	540.360	1.950		
1.960	72.030	62.230	122.500	256.760	1.960	151.620	107.160	285.000	543.780	1.960		
1.970	72.030	59.780	119.560	251.370	1.970	151.620	107.160	285.000	543.780	1.970		
1.980	72.030	62.230	122.500	256.760	1.980	151.620	107.160	281.580	540.360	1.980		
1.990	72.030	62.230	122.500	256.760	1.990	151.620	107.160	285.000	543.780	1.990		
2.000	72.030	59.780	119.560	251.370	2.000	151.620	107.160	285.000	543.780	2.000		
2.010	72.030	59.780	119.560	251.370	2.010	151.620	107.160	285.000	543.780	2.010		
2.020	72.030	62.230	119.560	253.820	2.020	151.620	107.160	285.000	543.780	2.020		
2.030	72.030	59.780	122.500	254.310	2.030	149.340	107.160	281.580	538.080	2.030		
2.040	72.030	59.780	119.560	251.370	2.040	151.620	107.160	285.000	543.780	2.040		
2.050	72.030	62.230	122.500	256.760	2.050	149.340	107.160	281.580	538.080	2.050		
2.060	72.030	62.230	122.500	256.760	2.060	149.340	107.160	281.580	538.080	2.060		
2.070	72.030	62.230	122.500	256.760	2.070	149.340	107.160	281.580	538.080	2.070		
2.080	69.760	62.080	122.240	254.080	2.080	149.340	104.880	281.580	535.800	2.080		
2.090	69.760	59.520	124.800	254.080	2.090	149.340	104.880	279.300	533.520	2.090		
2.100	69.760	59.520	122.240	251.520	2.100	148.960	104.160	280.000	533.120	2.100		
2.110	69.760	59.520	122.240	251.520	2.110	148.960	106.400	280.000	535.360	2.110		
2.120	69.760	62.080	124.800	256.640	2.120	148.960	104.160	280.000	533.120	2.120		
2.130	67.200	59.520	127.360	254.080	2.130	148.960	104.160	276.640	529.760	2.130		
2.140	67.200	62.080	129.920	259.200	2.140	148.960	101.920	276.640	527.520	2.140		
2.150	67.200	62.080	132.480	261.760	2.150	152.320	101.920	274.400	528.640	2.150		
2.160	67.200	59.520	134.400	261.120	2.160	154.560	99.680	269.920	524.160	2.160		
2.170	64.640	62.080	139.520	266.240	2.170	152.320	94.080	266.560	512.960	2.170		
2.180	64.640	62.080	144.640	271.360	2.180	154.560	91.840	262.080	508.480	2.180		
2.190	62.080	62.080	147.200	271.360	2.190	156.800	89.600	259.840	506.240	2.190		
2.200	59.520	64.640	152.320	276.480	2.200	159.040	87.360	256.480	502.880	2.200		
2.210	62.080	64.640	157.440	284.160	2.210	162.400	84.000	249.760	496.160	2.210		
2.220	62.080	67.200	160.000	289.280	2.220	162.400	81.760	244.160	488.320	2.220		
2.230	59.500	67.200	164.500	291.200	2.230	164.640	77.280	239.680	481.600	2.230		
2.240	57.400	67.200	167.300	291.900	2.240	164.640	77.280	234.080	476.000	2.240		
2.250	59.500	70.000	169.400	298.900	2.250	164.220	71.400	232.050	467.670	2.250		
2.260	59.500	70.000	172.200	301.700	2.260	166.600	71.400	232.050	470.050	2.260		
2.270	59.500	70.000	175.000	304.500	2.270	168.980	69.020	232.050	470.050	2.270		
2.280	57.400	70.000	175.000	302.400	2.280	177.310	69.020	232.050	478.380	2.280		
2.290	54.600	70.000	172.200	296.800	2.290	182.070	71.400	229.670	483.140	2.290		
2.300	52.500	72.100	172.200	296.800	2.300	191.590	74.970	229.670	496.230	2.300		
2.310	49.700	70.000	169.400	289.100	2.310	199.920	77.350	229.670	506.940	2.310		
2.320	46.900	70.000	167.300	284.200	2.320	211.820	82.110	232.050	525.980	2.320		
2.330	44.800	67.200	159.600	271.600	2.330	221.340	86.870	236.810	545.020	2.330		
2.340	42.000	64.400	149.800	256.200	2.340	232.050	91.630	239.190	562.870	2.340		
2.350	39.900	62.300	140.000	242.200	2.350	241.570	96.390	241.570	579.530	2.350		
2.360	37.100	59.500	124.600	221.200	2.360	254.660	102.340	243.950	600.950	2.360		
2.370	35.000	57.400	105.000	197.400	2.370	268.940	109.480	246.330	624.750	2.370		
2.380	29.920	49.980	85.000	164.900	2.380	282.030	114.240	252.280	648.550	2.380		
2.390	27.200	44.880	62.220	134.300	2.390	297.500	124.950	254.660	677.110	2.390		
2.400	22.440	37.400	44.880	104.720	2.400	312.440	131.400	259.880	703.720	2.400		
2.410	19.720	29.920	29.920	79.560	2.410	329.960	138.700	264.260	732.920	2.410		
2.420	17.340	22.440	19.720	59.500	2.420	344.560	147.460	267.180	759.200	2.420		
2.430	14.960	12.240	12.240	39.440	2.430	354.780	154.760	274.480	784.020	2.430		
2.440	9.860	4.760	7.480	22.100	2.440	362.080	159.140	277.400	798.620	2.440		
2.450	4.760	2.380	7.480	14.620	2.450	365.000	164.980	284.700	814.680	2.450		
2.460	0.000	0.000	4.760	4.760	2.460	365.000	169.360	292.000	826.360	2.460		
2.470	0.000	0.000	4.760	4.760	2.470	359.160	172.280	299.300	830.740	2.470		
2.480	0.000	0.000	4.760	4.760	2.480	356.240	173.740	306.600	836.580	2.480		
2.490	0.000	0.000	4.760	4.760	2.490	347.480	179.580	313.900	840.960	2.490		
2.500	0.000	0.000	4.760	4.760	2.500	338.720	182.500	321.200	842.420	2.500		
2.510	0.000	0.000	4.760	4.760	2.510	327.040	179.580	331.420	838.040	2.510		
2.520	0.000	0.000	4.760	4.760	2.520	316.820	179.580	334.340	830.740	2.520		
2.530	0.000	0.000	4.980	4.980	2.530	302.220	176.660	338.720	817.600	2.530		
2.540	0.000	0.000	7.500	7.500	2.540	289.080	172.280	344.560	805.920	2.540		
2.550	0.000	0.000	7.500	7.500	2.550	273.830	169.580	347.500	790.910	2.550		
2.560	0.000	0.000	7.500	7.500	2.560	261.320	164.020	347.500	772.840	2.560		
2.570	0.000	0.000	7.500	7.500	2.570	254.370	161.240	347.500	763.110	2.570		
2.580	0.000	0.000	9.960	9.960	2.580	247.420	154.290	339.160	740.870	2.580		
2.590	0.000	0.000	9.960	9.960	2.590	244.640	151.510	336.380	732.530	2.590		
2.600	0.000	0.000	9.960	9.960	2.600	244.640	148.730	332.210	725.580	2.600		
2.610	0.000	0.000	9.960	9.960	2.610	248.810	147.340	323.870	720.020	2.610		
2.620	0.000	0.000	9.960	9.960	2.620	257.150	147.340	319.700	724.190	2.620		
2.630	0.000	0.000	9.960	9.960	2.630	264.100	148.730	311.360	724.190	2.630		
2.640	0.000	0.000	12.480	12.480	2.640	272.440	144.560	301.630	718.630	2.640		
2.650	0.000	0.000	12.480	12.480	2.650	279.390	141.780	291.900	713.070	2.650		
2.660	0.000	0.000	15.000	15.000	2.660	289.120	139.000	282.170	710.290	2.660		
2.670	0.000	0.000	15.000	15.000	2.670	298.850	136.220	273.830	708.900	2.670		
2.680	0.000	0.000	13.840	13.840	2.680	309.970	134.830	264.100	708.900	2.680		
2.690	0.000	0.000	13.840	13.840	2.690	322.480	132.050	254.370	708.900	2.690		
2.700	0.000	0.000	13.840	13.840	2.700	336.960	129.480	246.480	712.920	2.700		
2.710	0.000	0.000	12.110	12.110	2.710	349.440	129.480	241.800	720.720	2.710		
2.720	0.000	0.000	12.110	12.110	2.720	363.480	126.360	234.000	723.840	2.720		
2.730	0.000	0.000	12.110	12.110	2.730	375.960	126.360	229.320	731.640	2.730		
2.740	0.000	0.000	79.580	79.580	2.740	390.000	124.800	224.640	739.440	2.740		
2.750	0.000	44.980	432.500	477.480	2.750	375.960	113.880	216.840	706.680	2.750		
2.760	0.000	34.600	408.280	442.880	2.760	351.000	101.400	209.040	661.440	2.760		
2.770	0.000	25.950	384.060	410.010	2.770	321.360	88.920	201.240	611.520	2.770		
2.780	0.000	22.490	356.380	378.870	2.780	288.600	79.560	196.560	564.720	2.780		
2.790	0.000	13.840	332.160	346.000	2.790	262.080	68.640	195.000	525.720	2.790		
2.800	0.000	8.650	292.370	301.020	2.800	237.120	62.400	188.760	488.280	2.800		
2.810	0.000	6.920	273.340	280.260	2.810	216.840	56.160	184.080	457.080	2.810		
2.820	0.000	6.920	271.610	278.530	2.820	195.000	51.480	184.080	430.560	2.820		
2.830	0.000	8.760	275.940	284.700	2.830	176.280	49.920	180.960	407.160	2.830		
2.840	0.000	10.950	289.080	300.030	2.840	156.000	46.800	180.960	383.760	2.840		
2.850	0.000	10.950	293.460	304.410	2.850	137.280	44.460	179.400	361.140	2.850		
2.860	0.000	10.950	293.460	304.410	2.860	114.660	42.120	181.740	338.520	2.860		
2.870	0.000	13.140	302.220	315.360	2.870	92.040	37.440	181.740	311.220	2.870		
2.880	0.000	15.330	315.360	330.690	2.880	69.420	34.320	184.860	288.600	2.880		
2.890	0.000	19.710	339.450	359.160	2.890	49.920	31.980	187.200	269.100	2.890		
2.900	0.000	24.090	363.540	387.630	2.900	37.440	27.300	189.540	254.280	2.900		
2.910	0.000	26.280	392.010	418.290	2.910	31.980	19.500	195.000	246.480	2.910		
2.920	0.000	30.660	418.290	448.950	2.920	24.960	14.820	195.000	234.780	2.920		
2.930	0.000	37.230	446.760	483.990	2.930	19.500	9.360	195.000	223.860	2.930		
2.940	0.000	41.610	473.040	514.650	2.940	14.820	4.680	191.880	211.380	2.940		
2.950	0.000	45.990	499.320	545.310	2.950	12.480	2.340	184.860	199.680	2.950		
2.960	0.000	54.750	523.410	578.160	2.960	9.360	2.340	177.060	188.760	2.960		
2.970	0.000	59.130	547.500	606.630	2.970	7.020	0.000	169.260	176.280	2.970		
2.980	0.000	62.140	568.820	630.960	2.980	4.680	0.000	164.580	169.260	2.980		
2.990	0.000	66.920	580.770	647.690	2.990	4.680	0.000	154.440	159.120	2.990		
3.000	0.000	69.310	590.330	659.640	3.000	4.800	0.000	150.000	154.800	3.000		
3.010	0.000	69.310	592.720	662.030	3.010	2.400	0.000	139.800	142.200	3.010		
3.020	0.000	71.700	597.500	669.200	3.020	2.400	0.000	135.000	137.400	3.020		
3.030	0.000	74.090	590.330	664.420	3.030	2.400	0.000	135.000	137.400	3.030		
3.040	0.000	74.090	585.550	659.640	3.040	2.400	0.000	135.000	137.400	3.040		
3.050	0.000	74.090	575.990	650.080	3.050	2.400	0.000	137.400	139.800	3.050		
3.060	0.000	74.090	561.650	635.740	3.060	2.400	0.000	135.000	137.400	3.060		
3.070	0.000	74.090	549.700	623.790	3.070	2.400	0.000	135.000	137.400	3.070		
3.080	0.000	74.090	530.580	604.670	3.080	2.400	0.000	132.000	134.400	3.080		
3.090	2.390	74.090	513.850	590.330	3.090	2.400	0.000	135.000	137.400	3.090		
3.100	0.000	76.480	504.290	580.770	3.100	2.400	0.000	135.000	137.400	3.100		
3.110	2.390	76.480	492.340	571.210	3.110	2.400	0.000	132.000	134.400	3.110		
3.120	2.390	78.870	482.780	564.040	3.120	0.000	0.000	132.000	132.000	3.120		
3.130	3.780	79.380	472.500	555.660	3.130	2.400	0.000	132.000	134.400	3.130		
3.140	3.780	81.270	464.940	549.990	3.140	0.000	0.000	135.000	135.000	3.140		
3.150	5.670	83.160	457.380	546.210	3.150	0.000	0.000	132.300	132.300	3.150		
3.160	5.670	86.940	451.710	544.320	3.160	0.000	0.000	135.000	135.000	3.160		
3.170	9.450	88.830	446.040	544.320	3.170	0.000	0.000	132.300	132.300	3.170		
3.180	11.340	90.720	442.260	544.320	3.180	0.000	0.000	132.300	132.300	3.180		
3.190	13.230	96.390	438.480	548.100	3.190	0.000	0.000	132.300	132.300	3.190		
3.200	17.010	98.280	436.590	551.880	3.200	0.000	0.000	129.600	129.600	3.200		
3.210	18.900	102.060	436.590	557.550	3.210	0.000	0.000	129.600	129.600	3.210		
3.220	24.570	105.840	430.920	561.330	3.220	0.000	0.000	132.300	132.300	3.220		
3.230	28.350	111.510	427.140	567.000	3.230	0.000	0.000	132.300	132.300	3.230		
3.240	34.020	117.180	421.470	572.670	3.240	0.000	0.000	129.600	129.600	3.240		
3.250	39.690	120.960	412.020	572.670	3.250	0.000	0.000	129.600	129.600	3.250		
3.260	49.140	128.520	404.460	582.120	3.260	0.000	0.000	132.300	132.300	3.260		
3.270	54.810	134.190	391.230	580.230	3.270	0.000	0.000	129.600	129.600	3.270		
3.280	67.260	141.600	377.010	585.870	3.280	0.000	0.000	129.600	129.600	3.280		
3.290	74.340	146.910	359.310	580.560	3.290	0.000	0.000	129.600	129.600	3.290		
3.300	88.500	153.990	336.300	578.790	3.300	0.000	0.000	129.850	129.850	3.300		
3.310	104.430	161.070	313.290	578.790	3.310	0.000	0.000	129.850	129.850	3.310		
3.320	122.130	166.380	286.740	575.250	3.320	0.000	0.000	129.850	129.850	3.320		
3.330	141.600	171.690	256.650	569.940	3.330	0.000	0.000	129.850	129.850	3.330		
3.340	169.920	177.000	224.790	571.710	3.340	0.000	0.000	132.500	132.500	3.340		
3.350	191.160	178.770	191.160	561.090	3.350	0.000	0.000	129.850	129.850	3.350		
3.360	224.790	182.310	159.300	566.400	3.360	0.000	0.000	129.850	129.850	3.360		
3.370	254.880	184.080	127.440	566.400	3.370	0.000	0.000	129.850	129.850	3.370		
3.380	288.510	184.080	97.350	569.940	3.380	0.000	0.000	129.850	129.850	3.380		
3.390	323.910	182.310	69.030	575.250	3.390	0.000	0.000	132.500	132.500	3.390		
3.400	359.310	173.460	44.250	577.020	3.400	0.000	0.000	132.500	132.500	3.400		
3.410	396.480	166.380	26.550	589.410	3.410	0.000	0.000	129.850	129.850	3.410		
3.420	442.500	152.220	14.160	608.880	3.420	0.000	0.000	129.850	129.850	3.420		
3.430	485.520	130.900	4.760	621.180	3.430	0.000	2.120	129.850	131.970	3.430		
3.440	518.840	116.620	0.000	635.460	3.440	9.540	0.000	129.850	139.390	3.440		
3.450	549.780	102.340	0.000	652.120	3.450	69.300	0.000	124.740	194.040	3.450		
3.460	571.200	85.680	0.000	656.880	3.460	138.600	0.000	118.800	257.400	3.460		
3.470	587.860	73.780	0.000	661.640	3.470	199.980	1.980	120.780	322.740	3.470		
3.480	595.000	61.880	0.000	656.880	3.480	251.460	1.980	120.780	374.220	3.480		
3.490	590.240	54.740	0.000	644.980	3.490	300.960	5.940	120.780	427.680	3.490		
3.500	578.340	40.460	0.000	618.800	3.500	348.480	13.860	124.740	487.080	3.500		
3.510	554.540	35.700	0.000	590.240	3.510	384.120	23.760	126.720	534.600	3.510		
3.520	518.840	28.560	0.000	547.400	3.520	403.920	39.600	134.640	578.160	3.520		
3.530	466.480	21.420	0.000	487.900	3.530	421.740	53.460	140.580	615.780	3.530		
3.540	385.560	14.280	0.000	399.840	3.540	439.560	71.280	148.500	659.340	3.540		
3.550	285.600	4.760	0.000	290.360	3.550	459.360	83.160	156.420	698.940	3.550		
3.560	183.260	0.000	0.000	183.260	3.560	473.220	97.020	166.320	736.560	3.560		
3.570	104.720	0.000	0.000	104.720	3.570	483.120	106.920	174.240	764.280	3.570		
3.580	42.500	0.000	0.000	42.500	3.580	491.040	116.820	182.160	790.020	3.580		
3.590	17.340	0.000	0.000	17.340	3.590	495.000	124.740	186.120	805.860	3.590		
3.600	2.380	0.000	0.000	2.380	3.600	490.000	131.320	194.040	815.360	3.600		
3.610	0.000	0.000	0.000	0.000	3.610	484.120	139.160	203.840	827.120	3.610		
3.620	0.000	0.000	0.000	0.000	3.620	468.440	147.000	213.640	829.080	3.620		
3.630	0.000	0.000	0.000	0.000	3.630	450.800	148.960	223.440	823.200	3.630		
3.640	0.000	0.000	0.000	0.000	3.640	429.240	150.920	233.240	813.400	3.640		
3.650	0.000	0.000	0.000	0.000	3.650	401.800	154.840	241.080	797.720	3.650		
3.660	0.000	0.000	0.000	0.000	3.660	376.320	156.800	248.920	782.040	3.660		
3.670	0.000	0.000	0.000	0.000	3.670	346.920	156.800	256.760	760.480	3.670		
3.680	0.000	0.000	0.000	0.000	3.680	319.480	156.800	260.680	736.960	3.680		
3.690	0.000	0.000	0.000	0.000	3.690	292.040	156.800	266.560	715.400	3.690		
3.700	0.000	0.000	0.000	0.000	3.700	260.680	156.800	268.520	686.000	3.700		
3.710	0.000	0.000	0.000	0.000	3.710	229.320	156.800	274.400	660.520	3.710		
3.720	0.000	0.000	0.000	0.000	3.720	196.000	158.760	278.320	633.080	3.720		
3.730	0.000	0.000	0.000	0.000	3.730	160.720	156.800	284.200	601.720	3.730		
3.740	0.000	0.000	0.000	0.000	3.740	129.360	156.800	288.120	574.280	3.740		
3.750	0.000	0.000	0.000	0.000	3.750	101.910	154.050	293.880	549.840	3.750		
3.760	0.000	0.000	0.000	0.000	3.760	78.210	154.050	300.990	533.250	3.760		
3.770	0.000	0.000	0.000	0.000	3.770	63.990	154.050	310.470	528.510	3.770		
3.780	0.000	0.000	0.000	0.000	3.780	54.510	154.050	319.950	528.510	3.780		
3.790	0.000	0.000	0.000	0.000	3.790	42.660	151.680	329.430	523.770	3.790		
3.800	0.000	0.000	0.000	0.000	3.800	37.920	149.310	341.280	528.510	3.800		
3.810	0.000	0.000	0.000	0.000	3.810	33.180	149.310	353.130	535.620	3.810		
3.820	0.000	0.000	0.000	0.000	3.820	30.810	146.940	369.720	547.470	3.820		
3.830	0.000	0.000	0.000	0.000	3.830	26.070	149.310	391.050	566.430	3.830		
3.840	0.000	0.000	0.000	0.000	3.840	21.330	149.310	414.750	585.390	3.840		
3.850	0.000	0.000	0.000	0.000	3.850	16.590	149.310	440.820	606.720	3.850		
3.860	0.000	0.000	0.000	0.000	3.860	14.220	151.680	474.000	639.900	3.860		
3.870	0.000	0.000	0.000	0.000	3.870	14.220	154.050	509.550	677.820	3.870		
3.880	0.000	0.000	0.000	0.000	3.880	11.850	156.420	547.470	715.740	3.880		
3.890	0.000	0.000	0.000	0.000	3.890	9.480	161.160	592.500	763.140	3.890		
3.900	0.000	0.000	0.000	0.000	3.900	4.170	162.630	646.350	813.150	3.900		
3.910	0.000	0.000	0.000	0.000	3.910	4.170	162.630	708.900	875.700	3.910		
3.920	0.000	0.000	0.000	0.000	3.920	0.000	158.460	758.940	917.400	3.920		
3.930	0.000	0.000	0.000	0.000	3.930	0.000	154.290	817.320	971.610	3.930		
3.940	0.000	0.000	0.000	0.000	3.940	0.000	145.950	871.530	1017.480	3.940		
3.950	0.000	0.000	0.000	0.000	3.950	0.000	133.440	921.570	1055.010	3.950		
3.960	0.000	0.000	0.000	0.000	3.960	0.000	120.930	967.440	1088.370	3.960		
3.970	0.000	0.000	0.000	0.000	3.970	0.000	108.420	1004.970	1113.390	3.970		
3.980	0.000	0.000	0.000	0.000	3.980	0.000	91.740	1025.820	1117.560	3.980		
3.990	0.000	0.000	0.000	0.000	3.990	0.000	79.230	1042.500	1121.730	3.990		
4.000	0.000	0.000	0.000	0.000	4.000	0.000	70.890	1042.500	1113.390	4.000		
4.010	0.000	0.000	0.000	0.000	4.010	0.000	62.550	1029.990	1092.540	4.010		
4.020	0.000	0.000	17.500	17.500	4.020	0.000	54.210	1004.970	1059.180	4.020		
4.030	0.000	0.000	98.900	98.900	4.030	0.000	45.870	959.100	1004.970	4.030		
4.040	0.000	0.000	206.400	206.400	4.040	0.000	41.700	892.380	934.080	4.040		
4.050	0.000	0.000	298.850	298.850	4.050	0.000	34.980	795.000	829.980	4.050		
4.060	0.000	0.000	380.550	380.550	4.060	0.000	28.620	677.340	705.960	4.060		
4.070	0.000	8.600	451.500	460.100	4.070	0.000	19.080	562.860	581.940	4.070		
4.080	2.150	19.350	481.600	503.100	4.080	0.000	6.360	442.020	448.380	4.080		
4.090	2.150	25.800	479.450	507.400	4.090	0.000	0.000	333.900	333.900	4.090		
4.100	12.900	47.300	470.850	531.050	4.100	0.000	0.000	241.680	241.680	4.100		
4.110	32.250	62.350	481.600	576.200	4.110	0.000	0.000	184.440	184.440	4.110		
4.120	49.450	79.550	494.500	623.500	4.120	0.000	0.000	155.820	155.820	4.120		
4.130	66.650	94.600	518.150	679.400	4.130	0.000	0.000	149.460	149.460	4.130		
4.140	79.550	109.650	537.500	726.700	4.140	0.000	0.000	149.460	149.460	4.140		
4.150	94.600	118.250	537.500	750.350	4.150	0.000	0.000	149.460	149.460	4.150		
4.160	111.800	133.300	518.150	763.250	4.160	0.000	0.000	149.460	149.460	4.160		
4.170	129.000	144.050	492.350	765.400	4.170	0.000	0.000	146.280	146.280	4.170		
4.180	146.400	153.720	457.500	757.620	4.180	0.000	0.000	146.280	146.280	4.180		
4.190	164.700	159.210	419.070	742.980	4.190	0.000	0.000	143.100	143.100	4.190		
4.200	179.340	161.040	378.810	719.190	4.200	0.000	0.000	145.000	145.000	4.200		
4.210	193.980	159.210	336.720	689.910	4.210	0.000	0.000	142.100	142.100	4.210		
4.220	204.960	151.890	290.970	647.820	4.220	0.000	0.000	142.100	142.100	4.220		
4.230	214.110	144.570	248.880	607.560	4.230	0.000	0.000	142.100	142.100	4.230		
4.240	219.600	131.760	208.620	559.980	4.240	0.000	0.000	142.100	142.100	4.240		
4.250	223.260	120.780	172.020	516.060	4.250	0.000	0.000	139.780	139.780	4.250		
4.260	228.750	109.800	139.080	477.630	4.260	0.000	0.000	139.780	139.780	4.260		
4.270	232.410	98.820	109.800	441.030	4.270	0.000	0.000	139.780	139.780	4.270		
4.280	232.410	86.010	86.010	404.430	4.280	0.000	0.000	139.780	139.780	4.280		
4.290	234.240	73.200	65.880	373.320	4.290	0.000	0.000	139.780	139.780	4.290		
4.300	232.410	65.880	51.240	349.530	4.300	0.000	0.000	139.780	139.780	4.300		
4.310	234.240	56.730	42.090	333.060	4.310	0.000	0.000	137.460	137.460	4.310		
4.320	234.240	51.240	31.110	316.590	4.320	0.000	0.000	137.460	137.460	4.320		
4.330	233.100	44.100	23.100	300.300	4.330	0.000	0.000	137.460	137.460	4.330		
4.340	237.300	39.900	18.900	296.100	4.340	0.000	0.000	134.560	134.560	4.340		
4.350	241.500	35.700	14.700	291.900	4.350	0.000	0.000	134.960	134.960	4.350		
4.360	249.900	35.700	8.400	294.000	4.360	0.000	0.000	134.960	134.960	4.360		
4.370	258.300	35.700	8.400	302.400	4.370	0.000	0.000	134.960	134.960	4.370		
4.380	273.000	35.700	4.200	312.900	4.380	0.000	0.000	134.960	134.960	4.380		
4.390	291.900	39.900	4.200	336.000	4.390	0.000	0.000	134.960	134.960	4.390		
4.400	315.000	39.900	2.100	357.000	4.400	0.000	0.000	134.960	134.960	4.400		
4.410	338.100	44.100	0.000	382.200	4.410	0.000	0.000	132.160	132.160	4.410		
4.420	367.500	46.200	0.000	413.700	4.420	0.000	0.000	134.960	134.960	4.420		
4.430	396.900	48.300	0.000	445.200	4.430	0.000	0.000	132.160	132.160	4.430		
4.440	430.500	52.500	0.000	483.000	4.440	0.000	0.000	134.960	134.960	4.440		
4.450	464.100	54.600	0.000	518.700	4.450	0.000	0.000	137.200	137.200	4.450		
4.460	495.600	54.600	0.000	550.200	4.460	0.000	2.240	137.200	139.440	4.460		
4.470	525.000	54.600	0.000	579.600	4.470	0.000	2.240	140.000	142.240	4.470		
4.480	545.220	53.820	0.000	599.040	4.480	0.000	4.480	140.000	144.480	4.480		
4.490	563.940	51.480	0.000	615.420	4.490	0.000	4.480	140.000	144.480	4.490		
4.500	575.640	49.140	0.000	624.780	4.500	0.000	4.520	135.600	140.120	4.500		
4.510	585.000	42.120	0.000	627.120	4.510	54.240	6.780	131.080	192.100	4.510		
4.520	585.000	32.760	0.000	617.760	4.520	169.500	6.780	126.560	302.840	4.520		
4.530	575.640	28.080	0.000	603.720	4.530	323.180	9.040	126.560	458.780	4.530		
4.540	556.920	21.060	0.000	577.980	4.540	474.600	27.120	128.820	630.540	4.540		
4.550	526.500	16.380	0.000	542.880	4.550	555.960	56.500	135.600	748.060	4.550		
4.560	479.700	11.700	0.000	491.400	4.560	565.000	76.840	146.900	788.740	4.560		
4.570	411.840	9.360	0.000	421.200	4.570	528.840	90.400	153.680	772.920	4.570		
4.580	318.240	7.020	0.000	325.260	4.580	501.720	110.740	174.020	786.480	4.580		
4.590	215.280	2.340	0.000	217.620	4.590	490.420	133.340	203.400	827.160	4.590		
4.600	128.700	0.000	0.000	128.700	4.600	494.940	155.940	232.780	883.660	4.600		
4.610	63.180	0.000	0.000	63.180	4.610	501.720	176.280	259.900	937.900	4.610		
4.620	25.740	0.000	0.000	25.740	4.620	506.240	194.360	282.500	983.100	4.620		
4.630	5.000	0.000	0.000	5.000	4.630	499.460	207.920	302.840	1010.220	4.630		
4.640	0.000	0.000	0.000	0.000	4.640	481.380	221.480	323.180	1026.040	4.640		
4.650	0.000	0.000	0.000	0.000	4.650	452.500	231.680	343.900	1028.080	4.650		
4.660	0.000	0.000	0.000	0.000	4.660	419.920	233.490	358.380	1011.790	4.660		
4.670	0.000	0.000	0.000	0.000	4.670	383.720	233.490	371.050	988.260	4.670		
4.680	0.000	0.000	0.000	0.000	4.680	343.900	229.870	378.290	952.060	4.680		
4.690	0.000	0.000	0.000	0.000	4.690	298.650	220.820	387.340	906.810	4.690		
4.700	0.000	0.000	0.000	0.000	4.700	251.590	209.960	387.340	848.890	4.700		
4.710	0.000	0.000	0.000	0.000	4.710	204.530	199.100	389.150	792.780	4.710		
4.720	0.000	0.000	0.000	0.000	4.720	159.280	186.430	389.150	734.860	4.720		
4.730	0.000	0.000	0.000	0.000	4.730	119.460	173.760	389.150	682.370	4.730		
4.740	0.000	0.000	0.000	0.000	4.740	86.880	161.090	389.150	637.120	4.740		
4.750	0.000	0.000	0.000	0.000	4.750	63.350	146.610	389.150	599.110	4.750		
4.760	0.000	0.000	0.000	0.000	4.760	48.870	128.510	390.960	568.340	4.760		
4.770	0.000	0.000	0.000	0.000	4.770	39.820	115.840	394.580	550.240	4.770		
4.780	0.000	0.000	0.000	0.000	4.780	28.960	101.360	398.200	528.520	4.780		
4.790	0.000	0.000	0.000	0.000	4.790	21.720	92.310	407.250	521.280	4.790		
4.800	0.000	0.000	0.000	0.000	4.800	13.520	81.120	415.740	510.380	4.800		
4.810	0.000	0.000	0.000	0.000	4.810	6.760	74.360	429.260	510.380	4.810		
4.820	0.000	0.000	0.000	0.000	4.820	6.760	67.600	442.780	517.140	4.820		
4.830	0.000	0.000	0.000	0.000	4.830	3.380	64.220	459.680	527.280	4.830		
4.840	0.000	0.000	0.000	0.000	4.840	0.000	60.840	479.960	540.800	4.840		
4.850	0.000	0.000	0.000	0.000	4.850	0.000	60.840	500.240	561.080	4.850		
4.860	0.000	0.000	0.000	0.000	4.860	0.000	57.460	523.900	581.360	4.860		
4.870	0.000	0.000	0.000	0.000	4.870	0.000	60.840	550.940	611.780	4.870		
4.880	0.000	0.000	0.000	0.000	4.880	0.000	64.220	584.740	648.960	4.880		
4.890	0.000	0.000	0.000	0.000	4.890	0.000	64.220	621.920	686.140	4.890		
4.900	0.000	0.000	0.000	0.000	4.900	0.000	70.980	662.480	733.460	4.900		
4.910	0.000	0.000	0.000	0.000	4.910	0.000	74.360	709.800	784.160	4.910		
4.920	0.000	0.000	0.000	0.000	4.920	0.000	77.740	750.360	828.100	4.920		
4.930	0.000	0.000	0.000	0.000	4.930	0.000	81.120	794.300	875.420	4.930		
4.940	0.000	0.000	0.000	0.000	4.940	0.000	81.120	845.000	926.120	4.940		
4.950	0.000	0.000	0.000	0.000	4.950	0.000	81.800	891.620	973.420	4.950		
4.960	0.000	0.000	0.000	0.000	4.960	0.000	77.710	932.520	1010.230	4.960		
4.970	0.000	0.000	0.000	0.000	4.970	0.000	73.620	969.330	1042.950	4.970		
4.980	1.460	0.000	0.000	1.460	4.980	0.000	69.530	993.870	1063.400	4.980		
4.990	1.460	0.000	0.000	1.460	4.990	0.000	65.440	1010.230	1075.670	4.990		
5.000	0.000	0.000	0.000	0.000	5.000	0.000	57.260	1022.500	1079.760	5.000		
5.010	1.460	0.000	0.000	1.460	5.010	0.000	53.170	1022.500	1075.670	5.010		
5.020	0.000	0.000	0.000	0.000	5.020	0.000	44.990	1006.140	1051.130	5.020		
5.030	0.000	0.000	0.000	0.000	5.030	0.000	44.990	989.780	1034.770	5.030		
5.040	0.000	0.000	42.340	42.340	5.040	0.000	36.810	948.880	985.690	5.040		
5.050	0.000	0.000	134.320	134.320	5.050	0.000	36.810	899.800	936.610	5.050		
5.060	0.000	0.000	246.740	246.740	5.060	0.000	32.720	826.180	858.900	5.060		
5.070	0.000	0.000	365.000	365.000	5.070	0.000	24.540	723.930	748.470	5.070		
5.080	2.490	9.960	505.470	517.920	5.080	0.000	16.360	609.410	625.770	5.080		
5.090	9.960	32.370	602.580	644.910	5.090	0.000	8.180	494.890	503.070	5.090		
5.100	12.450	54.780	622.500	689.730	5.100	0.000	0.000	360.000	360.000	5.100		
5.110	22.410	82.170	605.070	709.650	5.110	0.000	0.000	266.400	266.400	5.110		
5.120	37.350	97.110	580.170	714.630	5.120	0.000	0.000	204.480	204.480	5.120		
5.130	54.780	109.560	560.250	724.590	5.130	0.000	0.000	167.040	167.040	5.130		
5.140	72.210	126.990	562.740	761.940	5.140	0.000	0.000	156.960	156.960	5.140		
5.150	92.130	141.930	575.190	809.250	5.150	0.000	0.000	154.080	154.080	5.150		
5.160	107.070	156.870	587.640	851.580	5.160	0.000	0.000	151.200	151.200	5.160		
5.170	122.010	171.810	585.150	878.970	5.170	0.000	0.000	151.200	151.200	5.170		
5.180	139.440	181.770	565.230	886.440	5.180	0.000	0.000	149.760	149.760	5.180		
5.190	156.870	191.730	535.350	883.950	5.190	0.000	0.000	149.760	149.760	5.190		
5.200	171.810	196.710	500.490	869.010	5.200	0.000	0.000	149.760	149.760	5.200		
5.210	186.750	201.690	460.650	849.090	5.210	0.000	0.000	149.760	149.760	5.210		
5.220	201.690	199.200	418.320	819.210	5.220	0.000	0.000	146.880	146.880	5.220		
5.230	211.700	191.400	362.500	765.600	5.230	0.000	0.000	146.880	146.880	5.230		
5.240	218.950	181.250	307.400	707.600	5.240	0.000	0.000	144.000	144.000	5.240		
5.250	224.750	169.650	256.650	651.050	5.250	0.000	0.000	145.000	145.000	5.250		
5.260	226.200	153.700	211.700	591.600	5.260	0.000	0.000	145.000	145.000	5.260		
5.270	229.100	145.000	169.650	543.750	5.270	0.000	0.000	142.100	142.100	5.270		
5.280	232.000	131.950	131.950	495.900	5.280	0.000	0.000	142.100	142.100	5.280		
5.290	232.000	118.900	98.600	449.500	5.290	0.000	0.000	142.100	142.100	5.290		
5.300	234.900	108.750	73.950	417.600	5.300	0.000	0.000	142.100	142.100	5.300		
5.310	236.350	97.150	53.650	387.150	5.310	0.000	0.000	142.100	142.100	5.310		
5.320	239.250	89.900	42.050	371.200	5.320	0.000	0.000	142.100	142.100	5.320		
5.330	242.150	81.200	34.800	358.150	5.330	0.000	0.000	139.780	139.780	5.330		
5.340	243.600	73.950	26.100	343.650	5.340	0.000	0.000	139.780	139.780	5.340		
5.350	249.400	72.500	21.750	343.650	5.350	0.000	0.000	137.460	137.460	5.350		
5.360	256.650	69.600	17.400	343.650	5.360	0.000	0.000	139.780	139.780	5.360		
5.370	262.450	63.800	11.600	337.850	5.370	0.000	0.000	137.460	137.460	5.370		
5.380	273.920	66.560	7.680	348.160	5.380	0.000	0.000	137.460	137.460	5.380		
5.390	284.160	66.560	5.120	355.840	5.390	0.000	0.000	137.460	137.460	5.390		
5.400	296.960	66.560	5.120	368.640	5.400	0.000	0.000	137.200	137.200	5.400		
5.410	312.320	69.120	2.560	384.000	5.410	0.000	0.000	137.200	137.200	5.410		
5.420	332.800	74.240	0.000	407.040	5.420	0.000	0.000	134.960	134.960	5.420		
5.430	355.840	79.360	0.000	435.200	5.430	0.000	0.000	137.200	137.200	5.430		
5.440	384.000	87.040	0.000	471.040	5.440	0.000	0.000	137.200	137.200	5.440		
5.450	414.720	92.160	0.000	506.880	5.450	0.000	0.000	137.200	137.200	5.450		
5.460	445.440	99.840	0.000	545.280	5.460	0.000	0.000	137.200	137.200	5.460		
5.470	478.720	104.960	0.000	583.680	5.470	0.000	0.000	137.200	137.200	5.470		
5.480	512.000	107.520	0.000	619.520	5.480	0.000	0.000	137.200	137.200	5.480		
5.490	542.720	107.520	0.000	650.240	5.490	0.000	0.000	137.200	137.200	5.490		
5.500	578.560	104.960	0.000	683.520	5.500	0.000	0.000	140.000	140.000	5.500		
5.510	611.840	99.840	0.000	711.680	5.510	0.000	0.000	140.000	140.000	5.510		
5.520	640.000	89.600	0.000	729.600	5.520	0.000	0.000	140.000	140.000	5.520		
5.530	663.080	79.460	0.000	742.540	5.530	0.000	0.000	140.000	140.000	5.530		
5.540	679.520	63.020	0.000	742.540	5.540	9.520	2.240	134.960	146.720	5.540		
5.550	685.000	54.800	0.000	739.800	5.550	89.300	3.800	127.300	220.400	5.550		
5.560	682.260	43.840	0.000	726.100	5.560	176.700	1.900	123.500	302.100	5.560		
5.570	671.300	35.620	0.000	706.920	5.570	254.600	5.700	127.300	387.600	5.570		
5.580	649.380	30.140	0.000	679.520	5.580	328.700	9.500	129.200	467.400	5.580		
5.590	616.500	21.920	0.000	638.420	5.590	406.600	24.700	131.100	562.400	5.590		
5.600	569.920	16.440	0.000	586.360	5.600	461.700	43.700	134.900	640.300	5.600		
5.610	509.640	10.960	0.000	520.600	5.610	475.000	60.800	144.400	680.200	5.610		
5.620	427.440	8.220	0.000	435.660	5.620	452.200	68.400	148.200	668.800	5.620		
5.630	331.540	5.480	0.000	337.020	5.630	433.200	79.800	159.600	672.600	5.630		
5.640	227.420	0.000	0.000	227.420	5.640	438.900	96.900	171.000	706.800	5.640		
5.650	142.480	0.000	0.000	142.480	5.650	448.400	114.000	184.300	746.700	5.650		
5.660	79.460	0.000	0.000	79.460	5.660	461.700	129.200	207.100	798.000	5.660		
5.670	38.360	0.000	0.000	38.360	5.670	469.300	146.300	224.200	839.800	5.670		
5.680	25.000	0.000	0.000	25.000	5.680	463.600	161.500	243.200	868.300	5.680		
5.690	12.500	0.000	0.000	12.500	5.690	448.400	178.600	269.800	896.800	5.690		
5.700	10.000	0.000	0.000	10.000	5.700	426.560	194.360	287.240	908.160	5.700		
5.710	10.000	0.000	0.000	10.000	5.710	402.480	204.680	306.160	913.320	5.710		
5.720	7.500	0.000	0.000	7.500	5.720	376.680	211.560	321.640	909.880	5.720		
5.730	7.500	0.000	0.000	7.500	5.730	347.440	215.000	337.120	899.560	5.730		
5.740	5.000	0.000	0.000	5.000	5.740	311.320	215.000	349.160	875.480	5.740		
5.750	2.500	0.000	0.000	2.500	5.750	273.480	211.560	356.040	841.080	5.750		
5.760	2.500	0.000	0.000	2.500	5.760	237.360	206.400	366.360	810.120	5.760		
5.770	0.000	0.000	0.000	0.000	5.770	199.520	204.680	376.680	780.880	5.770		
5.780	0.000	0.000	0.000	0.000	5.780	161.680	196.080	383.560	741.320	5.780		
5.790	0.000	0.000	0.000	0.000	5.790	129.000	189.200	392.160	710.360	5.790		
5.800	0.000	0.000	0.000	0.000	5.800	101.480	182.320	399.040	682.840	5.800		
5.810	0.000	0.000	0.000	0.000	5.810	79.120	172.000	405.920	657.040	5.810		
5.820	0.000	0.000	0.000	0.000	5.820	63.640	163.400	414.520	641.560	5.820		
5.830	0.000	0.000	0.000	0.000	5.830	51.600	151.360	419.680	622.640	5.830		
5.840	0.000	0.000	0.000	0.000	5.840	41.280	144.480	430.000	615.760	5.840		
5.850	0.000	0.000	0.000	0.000	5.850	35.640	136.620	436.590	608.850	5.850		
5.860	0.000	0.000	0.000	0.000	5.860	29.700	127.710	448.470	605.880	5.860		
5.870	0.000	0.000	0.000	0.000	5.870	26.730	124.740	457.380	608.850	5.870		
5.880	0.000	0.000	0.000	0.000	5.880	17.820	115.830	472.230	605.880	5.880		
5.890	0.000	0.000	0.000	0.000	5.890	14.850	109.890	487.080	611.820	5.890		
5.900	0.000	0.000	0.000	0.000	5.900	11.880	109.890	498.960	620.730	5.900		
5.910	0.000	0.000	0.000	0.000	5.910	8.910	106.920	513.810	629.640	5.910		
5.920	0.000	0.000	0.000	0.000	5.920	5.940	103.950	534.600	644.490	5.920		
5.930	0.000	0.000	0.000	0.000	5.930	2.970	103.950	555.390	662.310	5.930		
5.940	0.000	0.000	0.000	0.000	5.940	2.970	103.950	582.120	689.040	5.940		
5.950	0.000	0.000	0.000	0.000	5.950	0.000	103.950	605.880	709.830	5.950		
5.960	0.000	0.000	0.000	0.000	5.960	0.000	103.950	635.580	739.530	5.960		
5.970	0.000	0.000	0.000	0.000	5.970	0.000	103.950	662.310	766.260	5.970		
5.980	0.000	0.000	0.000	0.000	5.980	0.000	106.920	700.920	807.840	5.980		
5.990	0.000	0.000	0.000	0.000	5.990	0.000	106.920	742.500	849.420	5.990		
6.000	0.000	0.000	0.000	0.000	6.000	0.000	102.660	782.340	885.000	6.000		
6.010	0.000	0.000	0.000	0.000	6.010	0.000	99.120	814.200	913.320	6.010		
6.020	1.710	0.000	0.000	1.710	6.020	0.000	92.040	838.980	931.020	6.020		
6.030	1.710	0.000	0.000	1.710	6.030	0.000	88.500	860.220	948.720	6.030		
6.040	1.710	1.710	0.000	3.420	6.040	0.000	81.420	874.380	955.800	6.040		
6.050	1.710	1.710	0.000	3.420	6.050	0.000	74.340	881.460	955.800	6.050		
6.060	1.710	1.710	0.000	3.420	6.060	0.000	67.260	885.000	952.260	6.060		
6.070	3.420	1.710	0.000	5.130	6.070	0.000	56.640	870.840	927.480	6.070		
6.080	1.710	0.000	0.000	1.710	6.080	0.000	49.560	838.980	888.540	6.080		
6.090	0.000	0.000	51.300	51.300	6.090	0.000	49.560	789.420	838.980	6.090		
6.100	0.000	0.000	159.030	159.030	6.100	0.000	42.480	715.080	757.560	6.100		
6.110	0.000	1.710	283.860	285.570	6.110	0.000	38.940	623.040	661.980	6.110		
6.120	1.710	8.550	427.500	437.760	6.120	0.000	31.860	520.380	552.240	6.120		
6.130	7.920	31.680	570.240	609.840	6.130	0.000	21.240	414.180	435.420	6.130		
6.140	18.480	87.120	644.160	749.760	6.140	0.000	10.620	322.140	332.760	6.140		
6.150	58.080	155.760	660.000	873.840	6.150	0.000	1.860	232.500	234.360	6.150		
6.160	95.040	190.080	628.320	913.440	6.160	0.000	0.000	179.490	179.490	6.160		
6.170	139.920	227.040	546.480	913.440	6.170	0.000	0.000	157.170	157.170	6.170		
6.180	187.440	253.440	440.880	881.760	6.180	0.000	0.000	151.590	151.590	6.180		
6.190	242.880	269.280	337.920	850.080	6.190	0.000	0.000	151.590	151.590	6.190		
6.200	303.600	277.200	264.000	844.800	6.200	0.000	0.000	149.730	149.730	6.200		
6.210	361.680	279.840	205.920	847.440	6.210	0.000	0.000	149.730	149.730	6.210		
6.220	403.920	271.920	161.040	836.880	6.220	0.000	0.000	146.940	146.940	6.220		
6.230	443.520	258.720	126.720	828.960	6.230	0.000	0.000	144.150	144.150	6.230		
6.240	475.200	240.240	97.680	813.120	6.240	0.000	0.000	146.940	146.940	6.240		
6.250	506.880	224.400	81.840	813.120	6.250	0.000	0.000	144.150	144.150	6.250		
6.260	525.360	205.920	71.280	802.560	6.260	0.000	0.000	142.290	142.290	6.260		
6.270	533.280	190.080	63.360	786.720	6.270	0.000	0.000	142.290	142.290	6.270		
6.280	532.500	174.660	55.380	762.540	6.280	0.000	0.000	142.290	142.290	6.280		
6.290	526.110	159.750	51.120	736.980	6.290	0.000	0.000	142.290	142.290	6.290		
6.300	515.460	144.840	46.860	707.160	6.300	0.000	0.000	142.500	142.500	6.300		
6.310	500.550	129.930	40.470	670.950	6.310	0.000	0.000	142.500	142.500	6.310		
6.320	489.900	112.890	36.210	639.000	6.320	0.000	0.000	139.650	139.650	6.320		
6.330	474.990	97.980	31.950	604.920	6.330	0.000	0.000	139.650	139.650	6.330		
6.340	457.950	87.330	25.560	570.840	6.340	0.000	0.000	139.650	139.650	6.340		
6.350	443.040	74.550	19.170	536.760	6.350	0.000	0.000	139.650	139.650	6.350		
6.360	428.130	63.900	14.910	506.940	6.360	0.000	0.000	139.650	139.650	6.360		
6.370	413.220	55.380	10.650	479.250	6.370	0.000	0.000	137.370	137.370	6.370		
6.380	400.440	51.120	8.520	460.080	6.380	0.000	0.000	137.370	137.370	6.380		
6.390	394.050	48.990	8.520	451.560	6.390	0.000	0.000	137.370	137.370	6.390		
6.400	385.530	44.730	6.390	436.650	6.400	0.000	0.000	137.370	137.370	6.400		
6.410	381.270	38.340	6.390	426.000	6.410	0.000	0.000	139.650	139.650	6.410		
6.420	377.010	36.210	4.260	417.480	6.420	0.000	2.280	137.370	139.650	6.420		
6.430	378.840	33.880	4.620	417.340	6.430	0.000	2.280	139.650	141.930	6.430		
6.440	378.840	33.880	4.620	417.340	6.440	0.000	2.280	139.650	141.930	6.440		
6.450	378.840	32.340	4.620	415.800	6.450	0.000	4.540	138.470	143.010	6.450		
6.460	381.920	29.260	1.540	412.720	6.460	0.000	4.540	140.740	145.280	6.460		
6.470	381.920	26.180	1.540	409.640	6.470	0.000	4.540	140.740	145.280	6.470		
6.480	381.920	24.640	4.620	411.180	6.480	0.000	6.810	140.740	147.550	6.480		
6.490	385.000	24.640	4.620	414.260	6.490	0.000	4.540	143.010	147.550	6.490		
6.500	385.000	24.640	4.620	414.260	6.500	0.000	11.350	154.360	165.710	6.500		
6.510	381.920	29.260	1.540	412.720	6.510	0.000	29.510	186.140	215.650	6.510		
6.520	377.300	32.340	0.000	409.640	6.520	0.000	49.940	240.620	290.560	6.520		
6.530	366.520	36.960	0.000	403.480	6.530	0.000	79.450	292.830	372.280	6.530		
6.540	351.120	38.500	0.000	389.620	6.540	11.350	111.230	351.850	474.430	6.540		
6.550	321.860	38.500	0.000	360.360	6.550	27.240	138.470	408.600	574.310	6.550		
6.560	284.900	38.500	0.000	323.400	6.560	43.130	163.440	460.810	667.380	6.560		
6.570	237.160	33.880	0.000	271.040	6.570	63.560	183.870	506.210	753.640	6.570		
6.580	187.500	27.000	0.000	214.500	6.580	77.180	199.760	540.260	817.200	6.580		
6.590	142.500	22.500	0.000	165.000	6.590	79.450	204.300	567.500	851.250	6.590		
6.600	105.000	17.250	0.000	122.250	6.600	75.900	204.930	594.550	875.380	6.600		
6.610	72.000	12.000	2.250	86.250	6.610	68.310	202.400	609.730	880.440	6.610		
6.620	47.250	7.500	2.250	57.000	6.620	60.720	194.810	622.380	877.910	6.620		
6.630	30.000	2.250	4.500	36.750	6.630	55.660	184.690	632.500	872.850	6.630		
6.640	9.750	0.000	4.500	14.250	6.640	53.130	179.630	627.440	860.200	6.640		
6.650	2.250	0.000	4.500	6.750	6.650	53.130	174.570	619.850	847.550	6.650		
6.660	0.000	0.000	2.250	2.250	6.660	55.660	177.100	609.730	842.490	6.660		
6.670	0.000	0.000	2.250	2.250	6.670	60.720	179.630	599.610	839.960	6.670		
6.680	0.000	0.000	2.250	2.250	6.680	65.780	182.160	589.490	837.430	6.680		
6.690	0.000	0.000	0.000	0.000	6.690	68.310	184.690	584.430	837.430	6.690		
6.700	0.000	0.000	0.000	0.000	6.700	70.840	184.690	576.840	832.370	6.700		
6.710	0.000	0.000	0.000	0.000	6.710	73.370	182.160	569.250	824.780	6.710		
6.720	0.000	0.000	0.000	0.000	6.720	75.900	182.160	561.660	819.720	6.720		
6.730	0.000	0.000	0.000	0.000	6.730	78.430	182.160	549.010	809.600	6.730		
6.740	0.000	0.000	0.000	0.000	6.740	86.020	184.690	536.360	807.070	6.740		
6.750	0.000	0.000	0.000	0.000	6.750	94.760	179.220	515.000	788.980	6.750		
6.760	0.000	0.000	0.000	0.000	6.760	107.120	173.040	486.160	766.320	6.760		
6.770	0.000	0.000	0.000	0.000	6.770	123.600	166.860	453.200	743.660	6.770		
6.780	0.000	0.000	0.000	0.000	6.780	144.200	166.860	426.420	737.480	6.780		
6.790	0.000	0.000	0.000	0.000	6.790	160.680	170.980	412.000	743.660	6.790		
6.800	2.400	0.000	0.000	2.400	6.800	168.920	173.040	409.940	751.900	6.800		
6.810	17.400	4.800	0.000	22.200	6.810	168.920	168.920	405.820	743.660	6.810		
6.820	27.300	9.900	0.000	37.200	6.820	164.800	166.860	401.700	733.360	6.820		
6.830	39.900	15.000	2.400	57.300	6.830	158.620	164.800	399.640	723.060	6.830		
6.840	49.800	22.500	2.400	74.700	6.840	156.560	158.620	395.520	710.700	6.840		
6.850	57.300	32.400	4.800	94.500	6.850	154.500	156.560	391.400	702.460	6.850		
6.860	67.500	45.000	12.300	124.800	6.860	152.440	152.440	387.280	692.160	6.860		
6.870	75.000	54.900	24.900	154.800	6.870	148.320	144.200	379.040	671.560	6.870		
6.880	82.410	62.310	39.530	184.250	6.880	146.260	138.020	366.680	650.960	6.880		
6.890	84.420	62.310	54.940	201.670	6.890	146.260	129.780	352.260	628.300	6.890		
6.900	84.420	62.310	62.310	209.040	6.900	148.740	119.260	335.000	603.000	6.900		
6.910	82.410	64.990	67.000	214.400	6.910	154.100	109.880	314.900	578.880	6.910		
6.920	79.730	62.310	69.680	211.720	6.920	162.140	101.840	298.820	562.800	6.920		
6.930	79.730	62.310	77.050	219.090	6.930	167.500	92.460	286.760	546.720	6.930		
6.940	77.050	62.310	84.420	223.780	6.940	171.520	87.100	272.020	530.640	6.940		
6.950	69.680	62.310	92.460	224.450	6.950	179.560	81.740	261.300	522.600	6.950		
6.960	64.990	62.310	99.830	227.130	6.960	186.260	76.380	251.920	514.560	6.960		
6.970	59.630	62.310	111.890	233.830	6.970	191.620	69.680	241.200	502.500	6.970		
6.980	54.940	62.310	121.940	239.190	6.980	199.660	67.000	234.500	501.160	6.980		
6.990	52.260	59.630	134.670	246.560	6.990	203.680	64.320	226.460	494.460	6.990		
7.000	49.580	56.950	147.400	253.930	7.000	211.720	61.640	219.760	493.120	7.000		
7.010	44.890	56.950	157.450	259.290	7.010	219.760	58.960	214.400	493.120	7.010		
7.020	46.900	56.950	167.500	271.350	7.020	222.440	56.280	211.720	490.440	7.020		
7.030	44.720	54.180	177.160	276.060	7.030	226.460	56.280	206.360	489.100	7.030		
7.040	39.560	52.460	187.480	279.500	7.040	231.820	54.940	202.340	489.100	7.040		
7.050	36.980	52.460	196.940	286.380	7.050	234.650	49.400	196.650	480.700	7.050		
7.060	31.820	49.880	204.680	286.380	7.060	234.650	52.250	194.750	481.650	7.060		
7.070	29.240	49.880	209.840	288.960	7.070	237.500	49.400	191.900	478.800	7.070		
7.080	29.240	49.880	215.000	294.120	7.080	234.650	49.400	191.900	475.950	7.080		
7.090	29.240	47.300	215.000	291.540	7.090	234.650	49.400	190.000	474.050	7.090		
7.100	26.660	47.300	215.000	288.960	7.100	234.650	49.400	191.900	475.950	7.100		
7.110	29.240	47.300	212.420	288.960	7.110	231.800	49.400	191.900	473.100	7.110		
7.120	31.820	47.300	207.260	286.380	7.120	231.800	49.400	191.900	473.100	7.120		
7.130	31.820	47.300	202.100	281.220	7.130	231.800	49.400	191.900	473.100	7.130		
7.140	34.400	47.300	196.940	278.640	7.140	231.800	52.250	194.750	478.800	7.140		
7.150	34.400	47.300	196.940	278.640	7.150	231.800	52.250	194.750	478.800	7.150		
7.160	31.820	44.720	194.360	270.900	7.160	231.800	52.250	194.750	478.800	7.160		
7.170	31.820	44.720	196.940	273.480	7.170	234.650	54.150	196.650	485.450	7.170		
7.180	29.970	44.550	199.260	273.780	7.180	234.650	52.250	196.650	483.550	7.180		
7.190	29.970	44.550	202.500	277.020	7.190	237.500	54.150	196.650	488.300	7.190		
7.200	26.730	44.550	202.500	273.780	7.200	242.060	54.880	196.980	493.920	7.200		
7.210	29.970	44.550	202.500	277.020	7.210	242.060	54.880	196.980	493.920	7.210		
7.220	29.970	42.120	202.500	274.590	7.220	245.000	54.880	194.040	493.920	7.220		
7.230	29.970	42.120	199.260	271.350	7.230	245.000	54.880	196.980	496.860	7.230		
7.240	29.970	42.120	199.260	271.350	7.240	245.000	54.880	196.980	496.860	7.240		
7.250	32.400	42.120	196.830	271.350	7.250	245.000	56.840	196.980	498.820	7.250		
7.260	34.830	42.120	196.830	273.780	7.260	245.000	56.840	199.920	501.760	7.260		
7.270	34.830	42.120	194.400	271.350	7.270	245.000	54.880	199.920	499.800	7.270		
7.280	34.830	42.120	191.970	268.920	7.280	242.060	54.880	199.920	496.860	7.280		
7.290	32.400	44.550	194.400	271.350	7.290	242.060	54.880	199.920	496.860	7.290		
7.300	32.400	44.550	194.400	271.350	7.300	239.120	54.880	199.920	493.920	7.300		
7.310	34.830	44.550	191.970	271.350	7.310	239.120	54.880	199.920	493.920	7.310		
7.320	34.830	44.550	189.540	268.920	7.320	239.120	54.880	199.920	493.920	7.320		
7.330	37.240	44.840	190.000	272.080	7.330	239.120	56.840	201.880	497.840	7.330		
7.340	34.960	44.840	190.000	269.800	7.340	239.120	56.840	199.920	495.880	7.340		
7.350	37.240	44.840	190.000	272.080	7.350	239.580	54.450	199.980	494.010	7.350		
7.360	37.240	44.840	190.000	272.080	7.360	241.560	54.450	197.010	493.020	7.360		
7.370	37.240	44.840	190.000	272.080	7.370	241.560	54.450	199.980	495.990	7.370		
7.380	37.240	44.840	186.960	269.040	7.380	241.560	54.450	199.980	495.990	7.380		
7.390	37.240	44.840	186.960	269.040	7.390	241.560	57.420	199.980	498.960	7.390		
7.400	37.240	44.840	186.960	269.040	7.400	241.560	57.420	199.980	498.960	7.400		
7.410	34.960	44.840	186.960	266.760	7.410	244.530	57.420	199.980	501.930	7.410		
7.420	34.960	44.840	186.960	266.760	7.420	244.530	57.420	199.980	501.930	7.420		
7.430	34.960	44.840	186.960	266.760	7.430	244.530	57.420	199.980	501.930	7.430		
7.440	34.960	41.800	184.680	261.440	7.440	244.530	57.420	201.960	503.910	7.440		
7.450	34.960	41.800	184.680	261.440	7.450	247.500	59.400	201.960	508.860	7.450		
7.460	37.240	41.800	182.400	261.440	7.460	247.500	59.400	201.960	508.860	7.460		
7.470	37.240	41.800	179.360	258.400	7.470	247.500	59.400	204.930	511.830	7.470		
7.480	39.760	41.890	177.500	259.150	7.480	244.530	62.370	204.930	511.830	7.480		
7.490	39.760	41.890	174.660	256.310	7.490	244.530	62.370	206.910	513.810	7.490		
7.500	41.890	41.890	171.820	255.600	7.500	245.000	61.740	209.720	516.460	7.500		
7.510	41.890	41.890	169.690	253.470	7.510	245.000	64.680	209.720	519.400	7.510		
7.520	44.730	41.890	166.850	253.470	7.520	245.000	66.640	214.620	526.260	7.520		
7.530	44.730	41.890	164.720	251.340	7.530	239.120	66.640	214.620	520.380	7.530		
7.540	46.860	41.890	159.750	248.500	7.540	239.120	66.640	216.580	522.340	7.540		
7.550	46.860	41.890	156.910	245.660	7.550	239.120	66.640	219.520	525.280	7.550		
7.560	49.700	41.890	154.780	246.370	7.560	237.160	69.580	222.460	529.200	7.560		
7.570	49.700	41.890	151.940	243.530	7.570	237.160	69.580	222.460	529.200	7.570		
7.580	49.700	41.890	149.810	241.400	7.580	234.220	69.580	224.420	528.220	7.580		
7.590	49.700	41.890	146.970	238.560	7.590	234.220	71.540	227.360	533.120	7.590		
7.600	49.700	41.890	146.970	238.560	7.600	234.220	71.540	227.360	533.120	7.600		
7.610	51.830	41.890	144.840	238.560	7.610	234.220	74.480	227.360	536.060	7.610		
7.620	51.830	44.730	144.840	241.400	7.620	232.260	74.480	232.260	539.000	7.620		
7.630	54.720	42.180	142.500	239.400	7.630	229.320	74.480	232.260	536.060	7.630		
7.640	57.000	44.460	139.650	241.110	7.640	227.360	77.420	234.220	539.000	7.640		
7.650	57.000	44.460	137.370	238.830	7.650	224.400	76.500	234.600	535.500	7.650		
7.660	59.850	44.460	134.520	238.830	7.660	222.360	79.560	236.640	538.560	7.660		
7.670	62.130	44.460	134.520	241.110	7.670	219.300	81.600	241.740	542.640	7.670		
7.680	62.130	44.460	132.240	238.830	7.680	217.260	81.600	241.740	540.600	7.680		
7.690	62.130	44.460	129.960	236.550	7.690	214.200	81.600	244.800	540.600	7.690		
7.700	64.980	47.310	129.960	242.250	7.700	209.100	81.600	246.840	537.540	7.700		
7.710	67.260	47.310	127.110	241.680	7.710	209.100	84.660	249.900	543.660	7.710		
7.720	69.540	47.310	127.110	243.960	7.720	207.060	84.660	249.900	541.620	7.720		
7.730	69.540	49.590	124.830	243.960	7.730	204.000	84.660	249.900	538.560	7.730		
7.740	72.390	49.590	124.830	246.810	7.740	201.960	84.660	251.940	538.560	7.740		
7.750	74.670	49.590	121.980	246.240	7.750	201.960	84.660	251.940	538.560	7.750		
7.760	74.670	49.590	121.980	246.240	7.760	201.960	84.660	251.940	538.560	7.760		
7.770	74.670	52.440	119.700	246.810	7.770	201.960	84.660	251.940	538.560	7.770		
7.780	74.880	54.720	120.000	249.600	7.780	201.960	86.700	251.940	540.600	7.780		
7.790	77.280	54.720	120.000	252.000	7.790	199.920	86.700	255.000	541.620	7.790		
7.800	77.280	54.720	120.000	252.000	7.800	199.500	87.150	257.250	543.900	7.800		
7.810	77.280	54.720	120.000	252.000	7.810	199.500	87.150	257.250	543.900	7.810		
7.820	77.280	54.720	117.120	249.120	7.820	197.400	89.250	257.250	543.900	7.820		
7.830	79.680	54.720	117.120	251.520	7.830	197.400	89.250	259.350	546.000	7.830		
7.840	82.080	54.720	117.120	253.920	7.840	194.250	89.250	259.350	542.850	7.840		
7.850	82.080	57.120	117.120	256.320	7.850	192.150	89.250	259.350	540.750	7.850		
7.860	82.080	57.120	117.120	256.320	7.860	192.150	89.250	262.500	543.900	7.860		
7.870	82.080	57.120	114.720	253.920	7.870	192.150	89.250	262.500	543.900	7.870		
7.880	82.080	57.120	114.720	253.920	7.880	189.000	89.250	262.500	540.750	7.880		
7.890	84.960	57.120	114.720	256.800	7.890	189.000	89.250	262.500	540.750	7.890		
7.900	84.960	57.120	114.720	256.800	7.900	189.000	89.250	262.500	540.750	7.900		
7.910	84.960	57.120	112.320	254.400	7.910	189.000	89.250	259.350	537.600	7.910		
7.920	84.960	60.000	114.720	259.680	7.920	189.000	89.250	262.500	540.750	7.920		
7.930	84.600	59.690	112.330	256.620	7.930	189.000	89.250	259.350	537.600	7.930		
7.940	87.420	59.690	114.680	261.790	7.940	189.000	89.250	262.500	540.750	7.940		
7.950	87.420	59.690	114.680	261.790	7.950	192.150	89.250	262.500	543.900	7.950		
7.960	87.420	59.690	114.680	261.790	7.960	189.000	87.150	259.350	535.500	7.960		
7.970	87.420	62.040	117.500	266.960	7.970	189.000	89.250	259.350	537.600	7.970		
7.980	87.420	62.040	117.500	266.960	7.980	189.000	89.250	262.500	540.750	7.980		
7.990	87.420	62.040	117.500	266.960	7.990	189.000	89.250	262.500	540.750	7.990		
8.000	87.420	62.040	117.500	266.960	8.000	186.900	87.150	259.350	533.400	8.000		
8.010	89.770	62.040	117.500	269.310	8.010	186.900	87.150	259.350	533.400	8.010		
8.020	89.770	62.040	117.500	269.310	8.020	186.900	84.000	259.350	530.250	8.020		
8.030	89.770	64.860	117.500	272.130	8.030	186.900	84.000	259.350	530.250	8.030		
8.040	89.770	64.860	117.500	272.130	8.040	184.800	84.000	257.250	526.050	8.040		
8.050	89.770	62.040	117.500	269.310	8.050	184.800	81.900	257.250	523.950	8.050		
8.060	89.770	64.860	117.500	272.130	8.060	184.800	81.900	254.100	520.800	8.060		
8.070	89.770	64.860	117.500	272.130	8.070	184.800	81.900	254.100	520.800	8.070		
8.080	89.650	64.900	117.150	271.700	8.080	184.800	81.900	254.100	520.800	8.080		
8.090	89.650	64.900	119.900	274.450	8.090	184.800	81.900	252.000	518.700	8.090		
8.100	89.650	64.900	119.900	274.450	8.100	184.830	81.810	252.500	519.140	8.100		
8.110	89.650	64.900	122.100	276.650	8.110	184.830	79.790	252.500	517.120	8.110		
8.120	89.650	64.900	122.100	276.650	8.120	186.850	79.790	252.500	519.140	8.120		
8.130	89.650	64.900	124.850	279.400	8.130	184.830	76.760	249.470	511.060	8.130		
8.140	89.650	64.900	124.850	279.400	8.140	186.850	76.760	249.470	513.080	8.140		
8.150	89.650	67.100	127.050	283.800	8.150	186.850	76.760	249.470	513.080	8.150		
8.160	87.450	64.900	127.050	279.400	8.160	186.850	74.740	249.470	511.060	8.160		
8.170	89.650	64.900	129.800	284.350	8.170	186.850	76.760	247.450	511.060	8.170		
8.180	87.450	64.900	129.800	282.150	8.180	186.850	74.740	249.470	511.060	8.180		
8.190	87.450	64.900	132.000	284.350	8.190	186.850	74.740	247.450	509.040	8.190		
8.200	87.450	64.900	134.750	287.100	8.200	184.830	74.740	247.450	507.020	8.200		
8.210	87.450	64.900	134.750	287.100	8.210	184.830	74.740	247.450	507.020	8.210		
8.220	87.450	64.900	137.500	289.850	8.220	184.830	71.710	247.450	503.990	8.220		
8.230	87.210	64.980	137.370	289.560	8.230	184.830	74.740	244.420	503.990	8.230		
8.240	87.210	64.980	137.370	289.560	8.240	181.800	74.740	244.420	500.960	8.240		
8.250	87.210	67.260	137.370	291.840	8.250	184.240	74.480	245.000	503.720	8.250		
8.260	87.210	67.260	137.370	291.840	8.260	182.280	71.540	245.000	498.820	8.260		
8.270	87.210	67.260	139.650	294.120	8.270	179.340	71.540	242.060	492.940	8.270		
8.280	87.210	67.260	139.650	294.120	8.280	179.340	71.540	245.000	495.880	8.280		
8.290	87.210	67.260	139.650	294.120	8.290	179.340	71.540	245.000	495.880	8.290		
8.300	87.210	67.260	139.650	294.120	8.300	177.380	71.540	245.000	493.920	8.300		
8.310	87.210	67.260	139.650	294.120	8.310	177.380	71.540	245.000	493.920	8.310		
8.320	87.210	67.260	139.650	294.120	8.320	174.440	71.540	245.000	490.980	8.320		
8.330	87.210	67.260	142.500	296.970	8.330	174.440	71.540	245.000	490.980	8.330		
8.340	87.210	67.260	139.650	294.120	8.340	174.440	69.580	242.060	486.080	8.340		
8.350	87.210	67.260	139.650	294.120	8.350	174.440	69.580	242.060	486.080	8.350		
8.360	89.490	67.260	142.500	299.250	8.360	174.440	69.580	242.060	486.080	8.360		
8.370	89.490	67.260	139.650	296.400	8.370	174.440	69.580	242.060	486.080	8.370		
8.380	87.320	67.260	142.190	296.770	8.380	174.440	69.580	242.060	486.080	8.380		
8.390	89.680	67.260	142.190	299.130	8.390	177.380	69.580	242.060	489.020	8.390		
8.400	87.320	67.260	139.830	294.410	8.400	176.540	69.840	242.500	488.880	8.400		
8.410	87.320	67.260	142.190	296.770	8.410	176.540	66.930	239.590	483.060	8.410		
8.420	87.320	64.900	142.190	294.410	8.420	179.450	69.840	239.590	488.880	8.420		
8.430	87.320	67.260	142.190	296.770	8.430	179.450	69.840	236.680	485.970	8.430		
8.440	84.960	67.260	142.190	294.410	8.440	179.450	69.840	239.590	488.880	8.440		
8.450	84.960	67.260	142.190	294.410	8.450	179.450	69.840	236.680	485.970	8.450		
8.460	84.960	67.260	142.190	294.410	8.460	182.360	69.840	236.680	488.880	8.460		
8.470	82.010	67.260	144.550	293.820	8.470	182.360	69.840	236.680	488.880	8.470		
8.480	84.960	64.900	144.550	294.410	8.480	182.360	69.840	236.680	488.880	8.480		
8.490	82.010	64.900	144.550	291.460	8.490	182.360	66.930	239.590	488.880	8.490		
8.500	82.010	64.900	147.500	294.410	8.500	182.360	69.840	236.680	488.880	8.500		
8.510	82.010	64.900	144.550	291.460	8.510	184.300	69.840	236.680	490.820	8.510		
8.520	79.650	64.900	147.500	292.050	8.520	184.300	69.840	234.740	488.880	8.520		
8.530	79.800	62.400	147.000	289.200	8.530	184.300	66.930	234.740	485.970	8.530		
8.540	79.800	62.400	147.000	289.200	8.540	187.210	69.840	236.680	493.730	8.540		
8.550	77.400	62.400	147.000	286.800	8.550	187.150	67.450	234.650	489.250	8.550		
8.560	77.400	60.000	150.000	287.400	8.560	190.000	69.350	234.650	494.000	8.560		
8.570	77.400	60.000	150.000	287.400	8.570	190.000	67.450	234.650	492.100	8.570		
8.580	77.400	62.400	150.000	289.800	8.580	190.000	69.350	237.500	496.850	8.580		
8.590	77.400	62.400	150.000	289.800	8.590	190.000	67.450	234.650	492.100	8.590		
8.600	77.400	60.000	150.000	287.400	8.600	191.900	67.450	234.650	494.000	8.600		
8.610	77.400	60.000	150.000	287.400	8.610	191.900	67.450	234.650	494.000	8.610		
8.620	77.400	62.400	150.000	289.800	8.620	191.900	69.350	234.650	495.900	8.620		
8.630	77.400	57.000	147.000	281.400	8.630	191.900	69.350	231.800	493.050	8.630		
8.640	77.400	60.000	147.000	284.400	8.640	194.750	69.350	237.500	501.600	8.640		
8.650	77.400	57.000	147.000	281.400	8.650	194.750	69.350	234.650	498.750	8.650		
8.660	77.400	57.000	147.000	281.400	8.660	196.650	69.350	234.650	500.650	8.660		
8.670	77.400	57.000	147.000	281.400	8.670	196.650	69.350	234.650	500.650	8.670		
8.680	74.420	57.340	147.010	278.770	8.680	196.650	69.350	234.650	500.650	8.680		
8.690	74.420	57.340	147.010	278.770	8.690	199.500	69.350	231.800	500.650	8.690		
8.700	74.420	54.900	147.010	276.330	8.700	199.280	69.560	232.180	501.020	8.700		
8.710	74.420	54.900	147.010	276.330	8.710	199.280	69.560	235.000	503.840	8.710		
8.720	74.420	54.900	147.010	276.330	8.720	202.100	69.560	235.000	506.660	8.720		
8.730	71.980	52.460	147.010	271.450	8.730	202.100	69.560	235.000	506.660	8.730		
8.740	71.980	52.460	147.010	271.450	8.740	202.100	69.560	232.180	503.840	8.740		
8.750	71.980	52.460	147.010	271.450	8.750	204.920	69.560	232.180	506.660	8.750		
8.760	71.980	52.460	149.450	273.890	8.760	204.920	69.560	232.180	506.660	8.760		
8.770	71.980	52.460	149.450	273.890	8.770	204.920	72.380	235.000	512.300	8.770		
8.780	69.540	49.410	149.450	268.400	8.780	204.920	72.380	235.000	512.300	8.780		
8.790	69.540	49.410	152.500	271.450	8.790	204.920	69.560	232.180	506.660	8.790		
8.800	69.540	49.410	152.500	271.450	8.800	206.800	72.380	232.180	511.360	8.800		
8.810	69.540	49.410	152.500	271.450	8.810	204.920	69.560	232.180	506.660	8.810		
8.820	67.100	49.410	152.500	269.010	8.820	206.800	69.560	235.000	511.360	8.820		
8.830	66.950	47.450	152.100	266.500	8.830	206.800	72.380	235.000	514.180	8.830		
8.840	66.950	47.450	152.100	266.500	8.840	206.800	72.380	232.180	511.360	8.840		
8.850	66.950	47.450	152.100	266.500	8.850	207.390	69.750	232.500	509.640	8.850		
8.860	66.950	47.450	154.700	269.100	8.860	207.390	69.750	232.500	509.640	8.860		
8.870	65.000	47.450	154.700	267.150	8.870	207.390	71.610	232.500	511.500	8.870		
8.880	65.000	47.450	154.700	267.150	8.880	209.250	69.750	232.500	511.500	8.880		
8.890	65.000	44.850	154.700	264.550	8.890	207.390	69.750	229.710	506.850	8.890		
8.900	62.400	44.850	157.300	264.550	8.900	209.250	69.750	232.500	511.500	8.900		
8.910	62.400	44.850	157.300	264.550	8.910	209.250	71.610	229.710	510.570	8.910		
8.920	62.400	44.850	157.300	264.550	8.920	212.040	69.750	229.710	511.500	8.920		
8.930	62.400	44.850	159.900	267.150	8.930	212.040	69.750	229.710	511.500	8.930		
8.940	59.800	44.850	159.900	264.550	8.940	212.040	69.750	226.920	508.710	8.940		
8.950	62.400	44.850	159.900	267.150	8.950	214.830	69.750	229.710	514.290	8.950		
8.960	59.800	44.850	159.900	264.550	8.960	214.830	69.750	229.710	514.290	8.960		
8.970	62.400	44.850	162.500	269.750	8.970	214.830	69.750	229.710	514.290	8.970		
8.980	59.800	42.250	162.500	264.550	8.980	214.830	69.750	229.710	514.290	8.980		
8.990	59.800	44.850	162.500	267.150	8.990	214.830	69.750	229.710	514.290	8.990		
9.000	59.800	44.850	162.500	267.150	9.000	214.360	69.920	227.240	511.520	9.000		
9.010	59.800	44.850	159.900	264.550	9.010	214.360	69.920	230.000	514.280	9.010		
9.020	59.800	44.850	162.500	267.150	9.020	214.360	69.920	227.240	511.520	9.020		
9.030	59.800	44.850	162.500	267.150	9.030	214.360	69.920	227.240	511.520	9.030		
9.040	59.800	44.850	162.500	267.150	9.040	214.360	69.920	227.240	511.520	9.040		
9.050	57.200	44.850	162.500	264.550	9.050	214.360	69.920	227.240	511.520	9.050		
9.060	59.800	44.850	162.500	267.150	9.060	214.360	69.920	227.240	511.520	9.060		
9.070	59.800	42.250	162.500	264.550	9.070	214.360	69.920	227.240	511.520	9.070		
9.080	59.800	44.850	162.500	267.150	9.080	214.360	69.920	230.000	514.280	9.080		
9.090	59.800	42.250	159.900	261.950	9.090	214.360	69.920	230.000	514.280	9.090		
9.100	62.400	42.250	159.900	264.550	9.100	211.600	69.920	227.240	508.760	9.100		
9.110	62.400	42.250	159.900	264.550	9.110	211.600	69.920	227.240	508.760	9.110		
9.120	62.400	42.250	159.900	264.550	9.120	214.360	69.920	230.000	514.280	9.120		
9.130	62.080	42.240	160.000	264.320	9.130	211.600	69.920	227.240	508.760	9.130		
9.140	62.080	44.800	160.000	266.880	9.140	211.600	69.920	230.000	511.520	9.140		
9.150	62.080	44.800	160.000	266.880	9.150	212.040	66.960	229.710	508.710	9.150		
9.160	62.080	44.800	160.000	266.880	9.160	212.040	69.750	232.500	514.290	9.160		
9.170	62.080	42.240	160.000	264.320	9.170	209.250	69.750	229.710	508.710	9.170		
9.180	62.080	44.800	160.000	266.880	9.180	209.250	69.750	229.710	508.710	9.180		
9.190	62.080	44.800	160.000	266.880	9.190	209.250	69.750	229.710	508.710	9.190		
9.200	64.640	44.800	157.440	266.880	9.200	209.250	69.750	232.500	511.500	9.200		
9.210	64.640	44.800	160.000	269.440	9.210	209.250	69.750	229.710	508.710	9.210		
9.220	64.640	44.800	160.000	269.440	9.220	209.250	69.750	232.500	511.500	9.220		
9.230	62.080	44.800	160.000	266.880	9.230	209.250	69.750	232.500	511.500	9.230		
9.240	64.640	44.800	160.000	269.440	9.240	209.250	69.750	229.710	508.710	9.240		
9.250	64.640	44.800	160.000	269.440	9.250	209.250	69.750	229.710	508.710	9.250		
9.260	64.640	44.800	160.000	269.440	9.260	209.250	69.750	229.710	508.710	9.260		
9.270	62.080	44.800	160.000	266.880	9.270	209.250	69.750	232.500	511.500	9.270		
9.280	64.640	44.800	157.440	266.880	9.280	209.250	69.750	232.500	511.500	9.280		
9.290	64.640	44.800	160.000	269.440	9.290	209.250	69.750	229.710	508.710	9.290		
9.300	64.640	44.800	160.000	269.440	9.300	209.620	69.560	232.180	511.360	9.300		
9.310	62.080	44.800	160.000	266.880	9.310	209.620	69.560	232.180	511.360	9.310		
9.320	64.640	44.800	160.000	269.440	9.320	206.800	69.560	232.180	508.540	9.320		
9.330	64.640	44.800	160.000	269.440	9.330	206.800	69.560	232.180	508.540	9.330		
9.340	64.640	44.800	160.000	269.440	9.340	206.800	69.560	232.180	508.540	9.340		
9.350	64.640	44.800	160.000	269.440	9.350	206.800	72.380	235.000	514.180	9.350		
9.360	67.200	44.800	160.000	272.000	9.360	206.800	69.560	232.180	508.540	9.360		
9.370	64.640	47.360	157.440	269.440	9.370	206.800	69.560	232.180	508.540	9.370		
9.380	64.640	47.360	160.000	272.000	9.380	206.800	69.560	232.180	508.540	9.380		
9.390	67.200	47.360	157.440	272.000	9.390	206.800	69.560	232.180	508.540	9.390		
9.400	67.200	47.360	160.000	274.560	9.400	204.920	69.560	232.180	506.660	9.400		
9.410	67.200	47.360	157.440	272.000	9.410	204.920	69.560	232.180	506.660	9.410		
9.420	67.200	47.360	157.440	272.000	9.420	204.920	69.560	232.180	506.660	9.420		
9.430	66.960	47.120	155.000	269.080	9.430	202.100	69.560	232.180	503.840	9.430		
9.440	69.440	47.120	155.000	271.560	9.440	204.920	69.560	232.180	506.660	9.440		
9.450	69.440	47.120	155.000	271.560	9.450	201.600	69.120	234.240	504.960	9.450		
9.460	69.440	49.600	155.000	274.040	9.460	201.600	72.000	234.240	507.840	9.460		
9.470	69.440	49.600	155.000	274.040	9.470	201.600	69.120	234.240	504.960	9.470		
9.480	71.920	49.600	151.900	273.420	9.480	201.600	69.120	234.240	504.960	9.480		
9.490	69.440	49.600	151.900	270.940	9.490	199.680	69.120	234.240	503.040	9.490		
9.500	71.920	52.080	155.000	279.000	9.500	199.680	69.120	234.240	503.040	9.500		
9.510	71.920	49.600	151.900	273.420	9.510	199.680	69.120	234.240	503.040	9.510		
9.520	71.920	52.080	151.900	275.900	9.520	196.800	69.120	237.120	503.040	9.520		
9.530	71.920	52.080	151.900	275.900	9.530	196.800	72.000	237.120	505.920	9.530		
9.540	74.400	52.080	151.900	278.380	9.540	196.800	72.000	237.120	505.920	9.540		
9.550	77.500	52.080	149.420	279.000	9.550	194.880	69.120	237.120	501.120	9.550		
9.560	77.500	54.560	149.420	281.480	9.560	194.880	72.000	240.000	506.880	9.560		
9.570	77.500	52.080	146.940	276.520	9.570	194.880	72.000	237.120	504.000	9.570		
9.580	79.460	54.520	145.000	278.980	9.580	194.880	72.000	237.120	504.000	9.580		
9.590	79.460	54.520	145.000	278.980	9.590	192.000	72.000	240.000	504.000	9.590		
9.600	79.460	54.520	145.000	278.980	9.600	192.060	72.270	239.580	503.910	9.600		
9.610	82.360	54.520	145.000	281.880	9.610	192.060	72.270	239.580	503.910	9.610		
9.620	82.360	54.520	142.100	278.980	9.620	189.090	74.250	239.580	502.920	9.620		
9.630	82.360	57.420	142.100	281.880	9.630	189.090	74.250	241.560	504.900	9.630		
9.640	82.360	57.420	142.100	281.880	9.640	189.090	74.250	241.560	504.900	9.640		
9.650	84.680	57.420	139.780	281.880	9.650	187.110	74.250	241.560	502.920	9.650		
9.660	87.000	59.740	139.780	286.520	9.660	187.110	74.250	241.560	502.920	9.660		
9.670	87.000	59.740	137.460	284.200	9.670	187.110	74.250	244.530	505.890	9.670		
9.680	89.900	57.420	137.460	284.780	9.680	184.140	74.250	244.530	502.920	9.680		
9.690	89.900	59.740	134.560	284.200	9.690	184.140	74.250	244.530	502.920	9.690		
9.700	89.900	59.740	132.240	281.880	9.700	184.140	77.220	244.530	505.890	9.700		
9.710	92.220	59.740	132.240	284.200	9.710	182.160	77.220	244.530	503.910	9.710		
9.720	92.220	62.060	132.240	286.520	9.720	182.160	77.220	247.500	506.880	9.720		
9.730	92.220	62.010	132.500	286.730	9.730	182.160	77.220	244.530	503.910	9.730		
9.740	92.220	62.010	129.850	284.080	9.740	179.190	77.220	244.530	500.940	9.740		
9.750	94.870	64.660	129.850	289.380	9.750	179.780	76.760	247.450	503.990	9.750		
9.760	94.870	62.010	127.200	284.080	9.760	179.780	76.760	247.450	503.990	9.760		
9.770	96.990	64.660	127.200	288.850	9.770	179.780	76.760	247.450	503.990	9.770		
9.780	96.990	64.660	127.200	288.850	9.780	176.750	76.760	249.470	502.980	9.780		
9.790	96.990	64.660	127.200	288.850	9.790	176.750	76.760	249.470	502.980	9.790		
9.800	96.990	64.660	127.200	288.850	9.800	176.750	76.760	249.470	502.980	9.800		
9.810	96.990	64.660	124.550	286.200	9.810	176.750	76.760	247.450	500.960	9.810		
9.820	99.640	64.660	124.550	288.850	9.820	174.730	76.760	249.470	500.960	9.820		
9.830	99.640	64.660	122.430	286.730	9.830	174.730	76.760	249.470	500.960	9.830		
9.840	99.640	64.660	124.550	288.850	9.840	174.730	76.760	249.470	500.960	9.840		
9.850	99.640	64.660	122.430	286.730	9.850	174.730	76.760	249.470	500.960	9.850		
9.860	99.640	64.660	122.430	286.730	9.860	174.730	79.790	249.470	503.990	9.860		
9.870	102.290	64.660	119.780	286.730	9.870	171.700	79.790	249.470	500.960	9.870		
9.880	102.410	64.680	122.500	289.590	9.880	174.730	79.790	249.470	503.990	9.880		
9.890	99.960	64.680	122.500	287.140	9.890	171.700	79.790	252.500	503.990	9.890		
9.900	102.410	64.680	119.560	286.650	9.900	172.010	79.310	252.350	503.670	9.900		
9.910	102.410	64.680	122.500	289.590	9.910	172.010	79.310	254.410	505.730	9.910		
9.920	102.410	64.680	119.560	286.650	9.920	172.010	79.310	254.410	505.730	9.920		
9.930	102.410	64.680	122.500	289.590	9.930	172.010	82.400	254.410	508.820	9.930		
9.940	102.410	64.680	119.560	286.650	9.940	172.010	82.400	254.410	508.820	9.940		
9.950	102.410	64.680	119.560	286.650	9.950	172.010	79.310	252.350	503.670	9.950		
9.960	102.410	64.680	119.560	286.650	9.960	172.010	79.310	252.350	503.670	9.960		
9.970	102.410	64.680	119.560	286.650	9.970	172.010	82.400	254.410	508.820	9.970		
9.980	104.860	64.680	119.560	289.100	9.980	172.010	82.400	254.410	508.820	9.980		
9.990	104.860	64.680	119.560	289.100	9.990	169.950	82.400	257.500	509.850	9.990		
10.000	102.410	64.680	119.560	286.650	10.000	169.950	79.310	254.410	503.670	10.000		
10.010	102.410	64.680	119.560	286.650	10.010	169.950	82.400	254.410	506.760	10.010		
10.020	102.410	64.680	119.560	286.650	10.020	169.950	79.310	254.410	503.670	10.020		
10.030	102.000	64.770	117.300	284.070	10.030	169.950	79.310	254.410	503.670	10.030		
10.040	99.960	64.770	119.850	284.580	10.040	169.950	79.310	254.410	503.670	10.040		
10.050	102.000	64.770	119.850	286.620	10.050	172.380	79.560	255.000	506.940	10.050		
10.060	99.960	64.770	119.850	284.580	10.060	172.380	79.560	251.940	503.880	10.060		
10.070	99.960	64.770	122.400	287.130	10.070	172.380	79.560	251.940	503.880	10.070		
10.080	99.960	64.770	122.400	287.130	10.080	172.380	79.560	251.940	503.880	10.080		
10.090	99.960	64.770	122.400	287.130	10.090	172.380	79.560	255.000	506.940	10.090		
10.100	99.960	62.220	122.400	284.580	10.100	172.380	81.600	251.940	505.920	10.100		
10.110	97.410	59.670	124.950	282.030	10.110	172.380	79.560	251.940	503.880	10.110		
10.120	94.860	59.670	124.950	279.480	10.120	174.420	79.560	251.940	505.920	10.120		
10.130	94.860	62.220	127.500	284.580	10.130	174.420	79.560	251.940	505.920	10.130		
10.140	94.860	62.220	127.500	284.580	10.140	174.420	79.560	251.940	505.920	10.140		
10.150	94.860	59.670	127.500	282.030	10.150	174.420	79.560	249.900	503.880	10.150		
10.160	94.860	62.220	127.500	284.580	10.160	174.420	81.600	251.940	507.960	10.160		
10.170	94.860	62.220	127.500	284.580	10.170	174.420	79.560	251.940	505.920	10.170		
10.180	94.640	59.800	127.400	281.840	10.180	174.420	79.560	251.940	505.920	10.180		
10.190	92.040	59.800	127.400	279.240	10.190	177.480	79.560	251.940	508.980	10.190		
10.200	94.640	59.800	127.400	281.840	10.200	179.780	79.790	252.500	512.070	10.200		
10.210	92.040	59.800	127.400	279.240	10.210	179.780	81.810	252.500	514.090	10.210		
10.220	92.040	57.200	127.400	276.640	10.220	181.800	81.810	252.500	516.110	10.220		
10.230	89.960	57.200	127.400	274.560	10.230	181.800	81.810	249.470	513.080	10.230		
10.240	89.960	59.800	127.400	277.160	10.240	184.830	81.810	249.470	516.110	10.240		
10.250	87.360	59.800	130.000	277.160	10.250	186.850	81.810	249.470	518.130	10.250		
10.260	87.360	54.600	130.000	271.960	10.260	189.880	81.810	249.470	521.160	10.260		
10.270	87.360	57.200	130.000	274.560	10.270	191.900	81.810	252.500	526.210	10.270		
10.280	87.360	54.600	130.000	271.960	10.280	191.900	81.810	249.470	523.180	10.280		
10.290	84.760	54.600	130.000	269.360	10.290	196.950	81.810	249.470	528.230	10.290		
10.300	82.160	52.000	130.000	264.160	10.300	196.950	84.840	247.450	529.240	10.300		
10.310	82.160	52.000	130.000	264.160	10.310	202.000	84.840	249.470	536.310	10.310		
10.320	79.560	52.000	130.000	261.560	10.320	202.000	84.840	249.470	536.310	10.320		
10.330	77.010	49.980	127.500	254.490	10.330	204.020	84.840	249.470	538.330	10.330		
10.340	77.010	49.980	127.500	254.490	10.340	207.050	84.840	247.450	539.340	10.340		
10.350	74.970	47.430	127.500	249.900	10.350	210.000	87.000	250.000	547.000	10.350		
10.360	74.970	47.430	124.950	247.350	10.360	212.000	87.000	247.000	546.000	10.360		
10.370	72.420	47.430	124.950	244.800	10.370	215.000	87.000	250.000	552.000	10.370		
10.380	72.420	44.880	124.950	242.250	10.380	220.000	87.000	247.000	554.000	10.380		
10.390	69.870	44.880	122.400	237.150	10.390	220.000	87.000	247.000	554.000	10.390		
10.400	69.870	44.880	122.400	237.150	10.400	225.000	87.000	247.000	559.000	10.400		
10.410	67.320	42.330	122.400	232.050	10.410	227.000	90.000	247.000	564.000	10.410		
10.420	67.320	44.880	119.850	232.050	10.420	230.000	90.000	245.000	565.000	10.420		
10.430	64.770	42.330	117.300	224.400	10.430	232.000	90.000	247.000	569.000	10.430		
10.440	64.770	42.330	117.300	224.400	10.440	232.000	90.000	245.000	567.000	10.440		
10.450	64.770	42.330	117.300	224.400	10.450	235.000	90.000	247.000	572.000	10.450		
10.460	64.770	39.780	117.300	221.850	10.460	235.000	90.000	245.000	570.000	10.460		
10.470	64.770	37.230	114.750	216.750	10.470	237.000	90.000	245.000	572.000	10.470		
10.480	64.680	39.690	114.660	219.030	10.480	240.000	90.000	245.000	575.000	10.480		
10.490	62.230	39.690	114.660	216.580	10.490	240.000	90.000	245.000	575.000	10.490		
10.500	62.230	39.690	114.660	216.580	10.500	239.120	89.180	245.000	573.300	10.500		
10.510	59.780	39.690	114.660	214.130	10.510	242.060	89.180	245.000	576.240	10.510		
10.520	57.330	39.690	117.110	214.130	10.520	245.000	89.180	242.060	576.240	10.520		
10.530	54.880	37.240	117.110	209.230	10.530	245.000	89.180	242.060	576.240	10.530		
10.540	54.880	39.690	117.110	211.680	10.540	245.000	87.220	242.060	574.280	10.540		
10.550	52.430	39.690	117.110	209.230	10.550	245.000	87.220	242.060	574.280	10.550		
10.560	52.430	39.690	119.560	211.680	10.560	245.000	87.220	242.060	574.280	10.560		
10.570	52.430	42.140	122.500	217.070	10.570	245.000	84.280	242.060	571.340	10.570	End measurement	
10.580	52.430	39.690	122.500	214.620	10.580	245.000	84.280	239.120	568.400	10.580		
10.590	52.430	42.140	122.500	217.070	10.590	242.060	84.280	239.120	565.460	10.590		
10.600	54.880	39.690	122.500	217.070	10.600	242.060	82.320	239.120	563.500	10.600		
10.610	54.880	42.140	122.500	219.520	10.610	242.060	84.280	239.120	565.460	10.610		
10.620	54.880	42.140	122.500	219.520	10.620	239.120	82.320	237.160	558.600	10.620		
10.630	54.560	44.640	124.620	223.820	10.630	237.160	82.320	239.120	558.600	10.630		
10.640	54.560	44.640	124.620	223.820	10.640	237.160	79.380	237.160	553.700	10.640		
10.650	52.080	47.120	127.100	226.300	10.650	237.500	79.800	237.500	554.800	10.650		
10.660	52.080	49.600	127.100	228.780	10.660	234.650	76.950	237.500	549.100	10.660		
10.670	49.600	49.600	129.580	228.780	10.670	231.800	76.950	237.500	546.250	10.670		
10.680	49.600	52.080	132.060	233.740	10.680	231.800	76.950	234.650	543.400	10.680		
10.690	49.600	52.080	134.540	236.220	10.690	227.050	74.100	234.650	535.800	10.690		
10.700	49.600	54.560	137.020	241.180	10.700	227.050	74.100	234.650	535.800	10.700		
10.710	49.600	57.040	137.020	243.660	10.710	224.200	72.200	234.650	531.050	10.710		
10.720	49.600	59.520	139.500	248.620	10.720	222.300	72.200	231.800	526.300	10.720		
10.730	52.080	62.000	141.980	256.060	10.730	216.600	67.450	229.900	513.950	10.730		
10.740	52.080	64.480	144.460	261.020	10.740	214.700	67.450	229.900	512.050	10.740		
10.750	52.080	64.480	146.940	263.500	10.750	211.850	64.600	227.050	503.500	10.750		
10.760	52.080	66.960	151.900	270.940	10.760	204.250	64.600	224.200	493.050	10.760		
10.770	52.080	69.440	155.000	276.520	10.770	199.500	59.850	224.200	483.550	10.770		
10.780	52.000	74.100	159.900	286.000	10.780	191.900	57.000	222.300	471.200	10.780		
10.790	49.400	76.700	166.400	292.500	10.790	184.300	54.150	219.450	457.900	10.790		
10.800	52.000	81.900	174.200	308.100	10.800	174.870	52.200	217.500	444.570	10.800		
10.810	52.000	84.500	179.400	315.900	10.810	164.430	49.590	214.890	428.910	10.810		
10.820	52.000	89.700	189.800	331.500	10.820	152.250	46.980	212.280	411.510	10.820		
10.830	54.600	94.900	195.000	344.500	10.830	139.200	44.370	212.280	395.850	10.830		
10.840	52.000	97.500	204.100	353.600	10.840	124.410	41.760	212.280	378.450	10.840		
10.850	54.600	104.000	214.500	373.100	10.850	104.400	39.150	214.890	358.440	10.850		
10.860	57.200	109.200	227.500	393.900	10.860	84.390	37.410	212.280	334.080	10.860		
10.870	57.200	114.400	239.200	410.800	10.870	61.770	32.190	212.280	306.240	10.870		
10.880	59.800	119.600	254.800	434.200	10.880	44.370	29.580	214.890	288.840	10.880		
10.890	62.400	127.400	266.500	456.300	10.890	29.580	21.750	214.890	266.220	10.890		
10.900	62.400	133.900	287.300	483.600	10.900	21.750	17.400	214.890	254.040	10.900		
10.910	62.400	141.700	304.200	508.300	10.910	17.400	14.790	214.890	247.080	10.910		
10.920	65.000	149.500	325.000	539.500	10.920	9.570	9.570	212.280	231.420	10.920		
10.930	64.780	154.840	339.700	559.320	10.930	6.960	6.960	207.060	220.980	10.930		
10.940	64.780	159.580	352.340	576.700	10.940	6.960	4.350	199.230	210.540	10.940		
10.950	66.360	161.160	361.820	589.340	10.950	2.280	2.280	190.000	194.560	10.950		
10.960	66.360	167.480	369.720	603.560	10.960	2.280	0.000	182.400	184.680	10.960		
10.970	66.360	169.060	374.460	609.880	10.970	2.280	0.000	169.480	171.760	10.970		
10.980	66.360	172.220	379.200	617.780	10.980	0.000	0.000	161.880	161.880	10.980		
10.990	66.360	173.800	382.360	622.520	10.990	0.000	0.000	154.280	154.280	10.990		
11.000	69.520	176.960	383.940	630.420	11.000	0.000	0.000	144.400	144.400	11.000		
11.010	69.520	176.960	387.100	633.580	11.010	0.000	0.000	139.840	139.840	11.010		
11.020	66.360	176.960	388.680	632.000	11.020	0.000	0.000	136.800	136.800	11.020		
11.030	66.360	178.540	391.840	636.740	11.030	0.000	0.000	136.800	136.800	11.030		
11.040	66.360	178.540	391.840	636.740	11.040	0.000	0.000	136.800	136.800	11.040		
11.050	66.360	181.700	395.000	643.060	11.050	0.000	0.000	136.800	136.800	11.050		
11.060	66.360	181.700	391.840	639.900	11.060	0.000	0.000	134.520	134.520	11.060		
11.070	64.780	181.700	388.680	635.160	11.070	0.000	0.000	134.520	134.520	11.070		
11.080	62.000	181.350	387.500	630.850	11.080	0.000	0.000	134.520	134.520	11.080		
11.090	62.000	181.350	381.300	624.650	11.090	0.000	0.000	134.520	134.520	11.090		
11.100	62.000	179.800	376.650	618.450	11.100	0.000	0.000	132.300	132.300	11.100		
11.110	58.900	181.350	373.550	613.800	11.110	2.160	0.000	135.000	137.160	11.110		
11.120	62.000	179.800	368.900	610.700	11.120	2.160	0.000	129.600	131.760	11.120		
11.130	58.900	179.800	367.350	606.050	11.130	2.160	0.000	132.300	134.460	11.130		
11.140	58.900	179.800	364.250	602.950	11.140	2.160	0.000	132.300	134.460	11.140		
11.150	57.350	181.350	361.150	599.850	11.150	2.160	0.000	129.600	131.760	11.150		
11.160	58.900	181.350	359.600	599.850	11.160	2.160	0.000	132.300	134.460	11.160		
11.170	58.900	184.450	354.950	598.300	11.170	4.860	2.160	132.300	139.320	11.170		
11.180	58.900	186.000	354.950	599.850	11.180	4.860	2.160	132.300	139.320	11.180		
11.190	58.900	186.000	351.850	596.750	11.190	4.860	2.160	132.300	139.320	11.190		
11.200	58.900	189.100	348.750	596.750	11.200	4.860	2.160	129.600	136.620	11.200		
11.210	58.900	192.200	347.200	598.300	11.210	4.860	2.160	129.600	136.620	11.210		
11.220	58.900	193.750	344.100	596.750	11.220	4.860	2.160	129.600	136.620	11.220		
11.230	59.340	194.580	345.000	598.920	11.230	4.860	2.160	132.300	139.320	11.230		
11.240	62.100	197.340	339.480	598.920	11.240	4.860	4.860	129.600	139.320	11.240		
11.250	62.100	201.480	336.720	600.300	11.250	4.320	4.320	129.600	138.240	11.250		
11.260	62.100	204.240	331.200	597.540	11.260	4.320	6.480	135.000	145.800	11.260		
11.270	64.860	204.240	327.060	596.160	11.270	2.160	9.720	137.160	149.040	11.270		
11.280	62.100	207.000	321.540	590.640	11.280	2.160	14.040	144.720	160.920	11.280		
11.290	64.860	209.760	314.640	589.260	11.290	0.000	17.280	154.440	171.720	11.290		
11.300	64.860	209.760	304.980	579.600	11.300	0.000	24.840	167.400	192.240	11.300		
11.310	62.100	207.000	291.180	560.280	11.310	0.000	34.560	179.280	213.840	11.310		
11.320	62.100	207.000	278.760	547.860	11.320	0.000	44.280	192.240	236.520	11.320		
11.330	62.100	204.240	266.340	532.680	11.330	2.160	54.000	204.120	260.280	11.330		
11.340	62.100	198.720	249.780	510.600	11.340	4.320	66.960	217.080	288.360	11.340		
11.350	62.100	197.340	231.840	491.280	11.350	9.720	82.080	226.800	318.600	11.350		
11.360	62.100	191.820	213.900	467.820	11.360	19.440	93.960	236.520	349.920	11.360		
11.370	59.340	186.300	197.340	442.980	11.370	39.960	109.080	249.480	398.520	11.370		
11.380	59.760	180.000	177.120	416.880	11.380	69.120	114.480	257.040	440.640	11.380		
11.390	56.880	174.960	162.000	393.840	11.390	99.360	119.880	270.000	489.240	11.390		
11.400	54.720	164.880	144.720	364.320	11.400	124.740	122.220	279.720	526.680	11.400		
11.410	51.840	156.960	129.600	338.400	11.410	139.860	124.740	287.280	551.880	11.410		
11.420	46.800	146.880	109.440	303.120	11.420	152.460	129.780	289.800	572.040	11.420		
11.430	44.640	134.640	94.320	273.600	11.430	161.280	132.300	297.360	590.940	11.430		
11.440	39.600	122.400	79.920	241.920	11.440	168.840	134.820	297.360	601.020	11.440		
11.450	37.440	109.440	66.960	213.840	11.450	176.400	139.860	299.880	616.140	11.450		
11.460	32.400	97.200	59.760	189.360	11.460	183.960	139.860	302.400	626.220	11.460		
11.470	24.480	84.960	49.680	159.120	11.470	196.560	142.380	304.920	643.860	11.470		
11.480	19.440	72.000	44.640	136.080	11.480	211.680	144.900	307.440	664.020	11.480		
11.490	14.400	61.920	37.440	113.760	11.490	226.800	147.420	309.960	684.180	11.490		
11.500	9.360	49.680	34.560	93.600	11.500	246.960	149.940	309.960	706.860	11.500		
11.510	4.320	39.600	29.520	73.440	11.510	264.600	152.460	309.960	727.020	11.510		
11.520					11.520	279.720	154.980	309.960	744.660	11.520		
11.530					11.530	299.880	154.980	309.960	764.820	11.530		
