C:\Users\Public\Documents\Novel Studio\load_data\2025-12-17\loadapp_2025-12-17_16-52-37-312.load
Comment müll
	PRY201-L::heel	PRY201-L::mid	PRY201-L::front	PRY201-L		PRY202-R::front	PRY202-R::mid	PRY202-R::heel	PRY202-R		Notes	
Time[secs]	Force[N]	Force[N]	Force[N]	Force[N]	Time[secs]	Force[N]	Force[N]	Force[N]	Force[N]	Time[secs]	
0.000	449.550	209.050	103.600	762.200	0.000	39.950	17.340	37.400	94.690	0.000		
0.010	451.400	210.900	103.600	765.900	0.010	39.950	17.340	37.400	94.690	0.010		
0.020	451.400	209.050	103.600	764.050	0.020	37.400	17.340	37.400	92.140	0.020		
0.030	453.250	210.900	103.600	767.750	0.030	37.400	17.340	37.400	92.140	0.030		
0.040	453.250	209.050	103.600	765.900	0.040	37.400	17.340	37.400	92.140	0.040		
0.050	456.950	209.050	101.750	767.750	0.050	34.850	17.340	37.400	89.590	0.050		
0.060	456.950	209.050	101.750	767.750	0.060	34.850	17.340	37.400	89.590	0.060		
0.070	456.950	209.050	101.750	767.750	0.070	34.850	17.340	39.950	92.140	0.070		
0.080	458.800	209.050	101.750	769.600	0.080	32.470	17.340	39.950	89.760	0.080		
0.090	458.800	209.050	101.750	769.600	0.090	29.920	14.960	39.950	84.830	0.090		
0.100	458.800	207.200	99.900	765.900	0.100	27.370	17.340	39.950	84.660	0.100		
0.110	462.500	207.200	99.900	769.600	0.110	22.440	14.960	42.500	79.900	0.110		
0.120	464.640	207.360	99.840	771.840	0.120	22.440	14.960	42.500	79.900	0.120		
0.130	466.560	207.360	101.760	775.680	0.130	19.890	14.960	42.500	77.350	0.130		
0.140	466.560	207.360	99.840	773.760	0.140	19.890	14.960	42.500	77.350	0.140		
0.150	468.480	207.360	99.840	775.680	0.150	17.460	14.940	45.000	77.400	0.150		
0.160	468.480	209.280	99.840	777.600	0.160	17.460	12.420	45.000	74.880	0.160		
0.170	472.320	207.360	96.000	775.680	0.170	17.460	14.940	45.000	77.400	0.170		
0.180	472.320	207.360	96.000	775.680	0.180	14.940	14.940	45.000	74.880	0.180		
0.190	474.240	203.520	99.840	777.600	0.190	14.940	12.420	45.000	72.360	0.190		
0.200	474.240	207.360	99.840	781.440	0.200	14.940	12.420	45.000	72.360	0.200		
0.210	476.160	207.360	96.000	779.520	0.210	12.420	14.940	45.000	72.360	0.210		
0.220	476.160	207.360	96.000	779.520	0.220	12.420	12.420	45.000	69.840	0.220		
0.230	480.000	207.360	96.000	783.360	0.230	12.420	12.420	45.000	69.840	0.230		
0.240	480.000	207.360	99.840	787.200	0.240	12.420	12.420	45.000	69.840	0.240		
0.250	480.000	207.360	96.000	783.360	0.250	12.420	12.420	45.000	69.840	0.250		
0.260	480.000	207.360	96.000	783.360	0.260	12.420	12.420	45.000	69.840	0.260		
0.270	478.640	208.440	98.430	785.510	0.270	9.900	12.420	45.000	67.320	0.270		
0.280	478.640	208.440	96.500	783.580	0.280	9.900	9.900	45.000	64.800	0.280		
0.290	482.500	208.440	98.430	789.370	0.290	9.900	12.420	45.000	67.320	0.290		
0.300	478.640	208.440	98.430	785.510	0.300	9.900	9.900	45.000	64.800	0.300		
0.310	478.640	212.300	96.500	787.440	0.310	9.900	9.900	45.000	64.800	0.310		
0.320	478.640	208.440	98.430	785.510	0.320	9.900	9.900	45.000	64.800	0.320		
0.330	478.640	208.440	98.430	785.510	0.330	9.900	12.420	45.000	67.320	0.330		
0.340	478.640	212.300	96.500	787.440	0.340	7.380	9.900	45.000	62.280	0.340		
0.350	478.640	208.440	98.430	785.510	0.350	7.380	9.900	45.000	62.280	0.350		
0.360	478.640	208.440	98.430	785.510	0.360	7.380	9.900	45.000	62.280	0.360		
0.370	478.640	208.440	96.500	783.580	0.370	7.380	9.900	45.000	62.280	0.370		
0.380	478.640	208.440	98.430	785.510	0.380	9.900	9.900	45.000	64.800	0.380		
0.390	478.640	212.300	98.430	789.370	0.390	9.900	12.420	45.000	67.320	0.390		
0.400	478.640	212.300	98.430	789.370	0.400	9.900	12.420	45.000	67.320	0.400		
0.410	478.640	212.300	98.430	789.370	0.410	7.380	12.420	45.000	64.800	0.410		
0.420	477.500	212.010	99.320	788.830	0.420	9.900	9.900	42.480	62.280	0.420		
0.430	477.500	212.010	99.320	788.830	0.430	12.420	12.420	45.000	69.840	0.430		
0.440	477.500	212.010	99.320	788.830	0.440	9.900	12.420	42.480	64.800	0.440		
0.450	477.500	212.010	101.230	790.740	0.450	12.410	12.410	42.500	67.320	0.450		
0.460	477.500	212.010	101.230	790.740	0.460	12.410	12.410	42.500	67.320	0.460		
0.470	473.680	212.010	101.230	786.920	0.470	12.410	12.410	39.950	64.770	0.470		
0.480	473.680	212.010	99.320	785.010	0.480	12.410	12.410	39.950	64.770	0.480		
0.490	473.680	212.010	101.230	786.920	0.490	12.410	12.410	39.950	64.770	0.490		
0.500	473.680	212.010	99.320	785.010	0.500	14.960	12.410	39.950	67.320	0.500		
0.510	473.680	212.010	99.320	785.010	0.510	14.960	12.410	39.950	67.320	0.510		
0.520	473.680	212.010	101.230	786.920	0.520	14.960	12.410	37.400	64.770	0.520		
0.530	473.680	212.010	99.320	785.010	0.530	14.960	12.410	39.950	67.320	0.530		
0.540	473.680	212.010	99.320	785.010	0.540	14.960	12.410	37.400	64.770	0.540		
0.550	473.680	212.010	101.230	786.920	0.550	12.410	9.860	37.400	59.670	0.550		
0.560	473.680	212.010	101.230	786.920	0.560	14.960	12.410	37.400	64.770	0.560		
0.570	473.680	212.010	99.320	785.010	0.570	14.960	9.860	37.400	62.220	0.570		
0.580	477.500	212.010	101.230	790.740	0.580	14.960	12.410	39.950	67.320	0.580		
0.590	477.500	212.010	99.320	788.830	0.590	12.410	12.410	39.950	64.770	0.590		
0.600	473.680	208.190	99.320	781.190	0.600	12.480	12.480	40.000	64.960	0.600		
0.610	477.500	212.010	99.320	788.830	0.610	14.880	12.480	40.000	67.360	0.610		
0.620	473.680	212.010	99.320	785.010	0.620	12.480	12.480	40.000	64.960	0.620		
0.630	473.680	212.010	99.320	785.010	0.630	12.480	12.480	40.000	64.960	0.630		
0.640	473.680	212.010	99.320	785.010	0.640	14.880	12.480	40.000	67.360	0.640		
0.650	473.680	208.190	99.320	781.190	0.650	14.880	12.480	40.000	67.360	0.650		
0.660	473.680	208.190	99.320	781.190	0.660	14.880	12.480	40.000	67.360	0.660		
0.670	477.500	208.190	99.320	785.010	0.670	14.880	12.480	40.000	67.360	0.670		
0.680	477.500	212.010	101.230	790.740	0.680	14.880	12.480	40.000	67.360	0.680		
0.690	477.500	208.190	99.320	785.010	0.690	14.880	12.480	40.000	67.360	0.690		
0.700	477.500	212.010	99.320	788.830	0.700	14.880	12.480	40.000	67.360	0.700		
0.710	477.500	212.010	99.320	788.830	0.710	14.880	12.480	37.440	64.800	0.710		
0.720	477.500	212.010	101.230	790.740	0.720	14.880	12.480	40.000	67.360	0.720		
0.730	473.680	212.010	99.320	785.010	0.730	14.880	12.480	40.000	67.360	0.730		
0.740	477.500	212.010	101.230	790.740	0.740	14.880	12.480	37.440	64.800	0.740		
0.750	473.680	212.010	99.320	785.010	0.750	14.880	9.920	37.440	62.240	0.750		
0.760	477.500	212.010	99.320	788.830	0.760	14.880	12.480	37.440	64.800	0.760		
0.770	473.680	212.010	99.320	785.010	0.770	14.880	9.920	37.440	62.240	0.770		
0.780	477.500	212.010	101.230	790.740	0.780	14.880	12.480	37.440	64.800	0.780		
0.790	473.680	212.010	101.230	786.920	0.790	12.480	12.480	37.440	62.400	0.790		
0.800	473.680	212.010	101.230	786.920	0.800	14.880	12.480	37.440	64.800	0.800		
0.810	473.680	213.920	101.230	788.830	0.810	14.880	9.920	37.440	62.240	0.810		
0.820	473.680	212.010	101.230	786.920	0.820	12.480	12.480	37.440	62.400	0.820		
0.830	473.680	212.010	101.230	786.920	0.830	14.880	9.920	40.000	64.800	0.830		
0.840	473.680	213.920	101.230	788.830	0.840	14.880	9.920	40.000	64.800	0.840		
0.850	473.680	213.920	103.140	790.740	0.850	14.880	9.920	40.000	64.800	0.850		
0.860	473.680	213.920	103.140	790.740	0.860	12.480	12.480	40.000	64.960	0.860		
0.870	475.000	214.700	100.700	790.400	0.870	12.480	9.920	40.000	62.400	0.870		
0.880	475.000	214.700	100.700	790.400	0.880	12.480	9.920	40.000	62.400	0.880		
0.890	471.200	216.600	104.500	792.300	0.890	12.480	9.920	40.000	62.400	0.890		
0.900	471.200	216.600	104.500	792.300	0.900	12.410	9.860	39.950	62.220	0.900		
0.910	471.200	216.600	104.500	792.300	0.910	12.410	12.410	39.950	64.770	0.910		
0.920	471.200	216.600	104.500	792.300	0.920	12.410	9.860	42.500	64.770	0.920		
0.930	471.200	216.600	104.500	792.300	0.930	14.960	9.860	39.950	64.770	0.930		
0.940	471.200	218.500	104.500	794.200	0.940	12.410	12.410	39.950	64.770	0.940		
0.950	471.200	216.600	104.500	792.300	0.950	12.410	9.860	39.950	62.220	0.950		
0.960	469.300	216.600	104.500	790.400	0.960	12.410	9.860	39.950	62.220	0.960		
0.970	469.300	216.600	104.500	790.400	0.970	12.410	9.860	39.950	62.220	0.970		
0.980	469.300	218.500	104.500	792.300	0.980	12.410	12.410	39.950	64.770	0.980		
0.990	469.300	218.500	106.400	794.200	0.990	14.960	9.860	37.400	62.220	0.990		
1.000	469.300	218.500	104.500	792.300	1.000	14.960	12.410	39.950	67.320	1.000		
1.010	469.300	218.500	106.400	794.200	1.010	14.960	9.860	39.950	64.770	1.010		
1.020	470.000	219.960	107.160	797.120	1.020	12.410	9.860	39.950	62.220	1.020		
1.030	466.240	219.960	107.160	793.360	1.030	14.960	9.860	39.950	64.770	1.030		
1.040	470.000	219.960	103.400	793.360	1.040	12.410	9.860	37.400	59.670	1.040		
1.050	466.240	219.960	103.400	789.600	1.050	12.420	9.900	37.440	59.760	1.050		
1.060	466.240	219.960	107.160	793.360	1.060	12.420	9.900	37.440	59.760	1.060		
1.070	466.240	219.960	107.160	793.360	1.070	12.420	9.900	39.960	62.280	1.070		
1.080	466.240	219.960	107.160	793.360	1.080	12.420	9.900	39.960	62.280	1.080		
1.090	466.240	219.960	107.160	793.360	1.090	12.420	9.900	39.960	62.280	1.090		
1.100	466.240	219.960	107.160	793.360	1.100	9.900	9.900	39.960	59.760	1.100		
1.110	466.240	219.960	107.160	793.360	1.110	9.900	9.900	42.480	62.280	1.110		
1.120	466.240	219.960	107.160	793.360	1.120	12.420	9.900	42.480	64.800	1.120		
1.130	466.240	221.840	107.160	795.240	1.130	9.900	9.900	42.480	62.280	1.130		
1.140	466.240	221.840	107.160	795.240	1.140	9.900	9.900	42.480	62.280	1.140		
1.150	466.240	221.840	107.160	795.240	1.150	9.900	9.900	42.480	62.280	1.150		
1.160	470.000	221.840	107.160	799.000	1.160	7.380	9.900	45.000	62.280	1.160		
1.170	468.720	221.130	105.840	795.690	1.170	7.380	7.380	45.000	59.760	1.170		
1.180	468.720	221.130	105.840	795.690	1.180	7.380	9.900	45.000	62.280	1.180		
1.190	468.720	221.130	109.620	799.470	1.190	7.410	7.410	44.840	59.660	1.190		
1.200	468.720	221.130	109.620	799.470	1.200	7.410	9.880	44.840	62.130	1.200		
1.210	472.500	221.130	109.620	803.250	1.210	4.940	7.410	44.840	57.190	1.210		
1.220	472.500	224.910	109.620	807.030	1.220	7.410	9.880	47.500	64.790	1.220		
1.230	472.500	224.910	109.620	807.030	1.230	4.940	9.880	44.840	59.660	1.230		
1.240	472.500	224.910	109.620	807.030	1.240	4.940	9.880	44.840	59.660	1.240		
1.250	468.720	224.910	109.620	803.250	1.250	4.940	9.880	44.840	59.660	1.250		
1.260	472.500	224.910	109.620	807.030	1.260	4.940	9.880	44.840	59.660	1.260		
1.270	468.720	224.910	109.620	803.250	1.270	4.940	9.880	44.840	59.660	1.270		
1.280	468.720	224.910	109.620	803.250	1.280	4.940	9.880	44.840	59.660	1.280		
1.290	468.720	224.910	111.510	805.140	1.290	4.940	9.880	44.840	59.660	1.290		
1.300	468.720	224.910	109.620	803.250	1.300	7.410	9.880	44.840	62.130	1.300		
1.310	468.720	226.800	111.510	807.030	1.310	4.940	7.410	44.840	57.190	1.310		
1.320	467.500	224.400	112.200	804.100	1.320	4.940	9.880	44.840	59.660	1.320		
1.330	467.500	224.400	112.200	804.100	1.330	7.410	9.880	44.840	62.130	1.330		
1.340	467.500	224.400	112.200	804.100	1.340	7.380	7.380	45.000	59.760	1.340		
1.350	467.500	224.400	112.200	804.100	1.350	7.380	9.900	45.000	62.280	1.350		
1.360	463.760	224.400	114.070	802.230	1.360	4.860	9.900	42.480	57.240	1.360		
1.370	463.760	226.270	112.200	802.230	1.370	7.380	9.900	45.000	62.280	1.370		
1.380	461.890	226.270	112.200	800.360	1.380	7.380	7.380	45.000	59.760	1.380		
1.390	461.890	226.270	112.200	800.360	1.390	7.380	9.900	45.000	62.280	1.390		
1.400	461.890	226.270	114.070	802.230	1.400	7.380	9.900	42.480	59.760	1.400		
1.410	461.890	226.270	114.070	802.230	1.410	7.380	9.900	45.000	62.280	1.410		
1.420	461.890	228.140	114.070	804.100	1.420	7.380	9.900	42.480	59.760	1.420		
1.430	458.150	228.140	114.070	800.360	1.430	7.380	9.900	42.480	59.760	1.430		
1.440	458.150	228.140	114.070	800.360	1.440	9.900	9.900	42.480	62.280	1.440		
1.450	458.150	228.140	114.070	800.360	1.450	9.900	9.900	42.480	62.280	1.450		
1.460	456.280	228.140	114.070	798.490	1.460	12.420	9.900	39.960	62.280	1.460		
1.470	457.500	228.750	117.120	803.370	1.470	12.420	9.900	39.960	62.280	1.470		
1.480	453.840	228.750	117.120	799.710	1.480	12.420	12.420	39.960	64.800	1.480		
1.490	453.840	228.750	118.950	801.540	1.490	15.000	12.450	37.500	64.950	1.490		
1.500	453.840	228.750	117.120	799.710	1.500	15.000	12.450	34.950	62.400	1.500		
1.510	453.840	228.750	117.120	799.710	1.510	17.400	12.450	34.950	64.800	1.510		
1.520	452.010	228.750	118.950	799.710	1.520	17.400	12.450	34.950	64.800	1.520		
1.530	448.350	228.750	117.120	794.220	1.530	17.400	12.450	34.950	64.800	1.530		
1.540	448.350	228.750	117.120	794.220	1.540	17.400	12.450	34.950	64.800	1.540		
1.550	448.350	228.750	117.120	794.220	1.550	19.950	9.900	32.400	62.250	1.550		
1.560	448.350	228.750	117.120	794.220	1.560	19.950	12.450	30.000	62.400	1.560		
1.570	446.520	228.750	117.120	792.390	1.570	22.500	12.450	27.450	62.400	1.570		
1.580	446.520	226.920	113.460	786.900	1.580	22.500	12.450	24.900	59.850	1.580		
1.590	446.520	226.920	113.460	786.900	1.590	22.500	12.450	22.500	57.450	1.590		
1.600	446.520	228.750	113.460	788.730	1.600	22.500	12.450	22.500	57.450	1.600		
1.610	446.520	226.920	113.460	786.900	1.610	22.500	12.450	22.500	57.450	1.610		
1.620	447.070	226.250	114.030	787.350	1.620	22.500	12.450	22.500	57.450	1.620		
1.630	447.070	224.440	114.030	785.540	1.630	22.500	12.450	22.500	57.450	1.630		
1.640	448.880	226.250	114.030	789.160	1.640	24.960	12.480	22.440	59.880	1.640		
1.650	447.070	226.250	115.840	789.160	1.650	24.960	15.000	22.440	62.400	1.650		
1.660	448.880	226.250	114.030	789.160	1.660	24.960	15.000	22.440	62.400	1.660		
1.670	448.880	226.250	114.030	789.160	1.670	27.480	15.000	24.960	67.440	1.670		
1.680	448.880	224.440	114.030	787.350	1.680	27.480	15.000	22.440	64.920	1.680		
1.690	448.880	224.440	114.030	787.350	1.690	27.480	15.000	24.960	67.440	1.690		
1.700	448.880	224.440	112.220	785.540	1.700	27.480	15.000	24.960	67.440	1.700		
1.710	452.500	220.820	108.600	781.920	1.710	27.480	15.000	24.960	67.440	1.710		
1.720	448.880	219.010	108.600	776.490	1.720	27.480	17.400	24.960	69.840	1.720		
1.730	448.880	219.010	112.220	780.110	1.730	27.480	15.000	24.960	67.440	1.730		
1.740	448.880	219.010	108.600	776.490	1.740	27.480	17.400	27.480	72.360	1.740		
1.750	447.070	217.200	112.220	776.490	1.750	27.480	17.400	24.960	69.840	1.750		
1.760	445.000	217.160	112.140	774.300	1.760	27.480	17.400	27.480	72.360	1.760		
1.770	441.440	217.160	112.140	770.740	1.770	27.480	17.400	27.480	72.360	1.770		
1.780	439.660	217.160	112.140	768.960	1.780	30.000	19.920	27.480	77.400	1.780		
1.790	439.660	217.160	112.140	768.960	1.790	27.450	17.400	27.450	72.300	1.790		
1.800	439.660	217.160	108.580	765.400	1.800	30.000	17.400	27.450	74.850	1.800		
1.810	436.100	217.160	108.580	761.840	1.810	30.000	19.950	27.450	77.400	1.810		
1.820	436.100	217.160	112.140	765.400	1.820	30.000	19.950	27.450	77.400	1.820		
1.830	436.100	218.940	112.140	767.180	1.830	30.000	19.950	27.450	77.400	1.830		
1.840	436.100	218.940	112.140	767.180	1.840	32.400	19.950	30.000	82.350	1.840		
1.850	436.100	218.940	113.920	768.960	1.850	32.400	19.950	27.450	79.800	1.850		
1.860	434.320	218.940	112.140	765.400	1.860	32.400	19.950	27.450	79.800	1.860		
1.870	436.100	222.500	112.140	770.740	1.870	32.400	19.950	27.450	79.800	1.870		
1.880	436.100	222.500	113.920	772.520	1.880	34.950	22.500	30.000	87.450	1.880		
1.890	436.100	222.500	113.920	772.520	1.890	32.400	22.500	30.000	84.900	1.890		
1.900	434.320	224.280	113.920	772.520	1.900	34.950	22.500	30.000	87.450	1.900		
1.910	437.500	224.000	113.750	775.250	1.910	34.950	22.500	30.000	87.450	1.910		
1.920	434.000	224.000	117.250	775.250	1.920	34.950	22.500	30.000	87.450	1.920		
1.930	434.000	224.000	117.250	775.250	1.930	37.500	22.500	30.000	90.000	1.930		
1.940	434.000	224.000	117.250	775.250	1.940	37.400	22.440	29.920	89.760	1.940		
1.950	434.000	224.000	119.000	777.000	1.950	37.400	22.440	29.920	89.760	1.950		
1.960	432.250	224.000	117.250	773.500	1.960	37.400	22.440	32.470	92.310	1.960		
1.970	432.250	224.000	117.250	773.500	1.970	39.950	22.440	29.920	92.310	1.970		
1.980	432.250	224.000	117.250	773.500	1.980	37.400	22.440	29.920	89.760	1.980		
1.990	428.750	224.000	117.250	770.000	1.990	37.400	22.440	29.920	89.760	1.990		
2.000	428.750	222.250	117.250	768.250	2.000	39.950	24.990	32.470	97.410	2.000		
2.010	428.750	222.250	117.250	768.250	2.010	39.950	24.990	32.470	97.410	2.010		
2.020	427.000	222.250	117.250	766.500	2.020	42.500	24.990	32.470	99.960	2.020		
2.030	427.000	218.750	117.250	763.000	2.030	39.950	24.990	32.470	97.410	2.030		
2.040	423.500	218.750	113.750	756.000	2.040	39.950	24.990	32.470	97.410	2.040		
2.050	423.500	218.750	117.250	759.500	2.050	39.950	24.990	32.470	97.410	2.050		
2.060	425.000	219.300	113.900	758.200	2.060	39.950	24.990	32.470	97.410	2.060		
2.070	421.600	215.900	117.300	754.800	2.070	39.950	24.990	32.470	97.410	2.070		
2.080	421.600	215.900	117.300	754.800	2.080	42.500	24.990	32.470	99.960	2.080		
2.090	419.900	215.900	113.900	749.700	2.090	40.000	24.960	32.480	97.440	2.090		
2.100	419.900	215.900	113.900	749.700	2.100	40.000	24.960	32.480	97.440	2.100		
2.110	419.900	215.900	113.900	749.700	2.110	40.000	24.960	32.480	97.440	2.110		
2.120	419.900	214.200	113.900	748.000	2.120	40.000	24.960	32.480	97.440	2.120		
2.130	419.900	214.200	113.900	748.000	2.130	40.000	24.960	32.480	97.440	2.130		
2.140	419.900	214.200	113.900	748.000	2.140	40.000	27.360	34.880	102.240	2.140		
2.150	419.900	214.200	113.900	748.000	2.150	40.000	24.960	34.880	99.840	2.150		
2.160	419.900	214.200	113.900	748.000	2.160	40.000	27.360	34.880	102.240	2.160		
2.170	419.900	214.200	113.900	748.000	2.170	40.000	24.960	34.880	99.840	2.170		
2.180	419.900	214.200	113.900	748.000	2.180	40.000	27.360	34.880	102.240	2.180		
2.190	421.600	214.200	112.200	748.000	2.190	40.000	27.360	34.880	102.240	2.190		
2.200	419.900	212.500	112.200	744.600	2.200	40.000	27.360	34.880	102.240	2.200		
2.210	421.600	212.500	112.200	746.300	2.210	40.000	27.360	34.880	102.240	2.210		
2.220	421.600	212.500	113.900	748.000	2.220	40.000	27.360	34.880	102.240	2.220		
2.230	421.600	212.500	113.900	748.000	2.230	40.000	27.360	34.880	102.240	2.230		
2.240	421.600	212.500	112.200	746.300	2.240	42.480	27.360	37.440	107.280	2.240		
2.250	421.600	212.500	113.900	748.000	2.250	42.480	27.360	37.440	107.280	2.250		
2.260	421.600	209.100	112.200	742.900	2.260	42.480	27.360	37.440	107.280	2.260		
2.270	421.600	209.100	112.200	742.900	2.270	42.480	29.880	37.440	109.800	2.270		
2.280	421.600	209.100	108.800	739.500	2.280	42.480	27.360	37.440	107.280	2.280		
2.290	421.600	207.400	108.800	737.800	2.290	42.480	29.880	37.440	109.800	2.290		
2.300	425.000	207.400	108.800	741.200	2.300	42.480	29.880	39.960	112.320	2.300		
2.310	421.600	204.000	108.800	734.400	2.310	42.480	29.880	39.960	112.320	2.310		
2.320	421.600	202.300	107.100	731.000	2.320	45.000	29.880	39.960	114.840	2.320		
2.330	425.000	204.000	107.100	736.100	2.330	42.480	29.880	42.480	114.840	2.330		
2.340	425.000	202.300	107.100	734.400	2.340	42.480	29.880	42.480	114.840	2.340		
2.350	421.600	198.900	103.700	724.200	2.350	42.480	29.880	42.480	114.840	2.350		
2.360	421.600	198.900	103.700	724.200	2.360	42.480	32.400	45.000	119.880	2.360		
2.370	421.600	197.200	103.700	722.500	2.370	45.000	32.400	45.000	122.400	2.370		
2.380	425.000	197.200	103.700	725.900	2.380	45.000	32.400	45.000	122.400	2.380		
2.390	421.600	197.200	103.700	722.500	2.390	42.400	32.400	45.000	119.800	2.390		
2.400	421.600	197.200	102.000	720.800	2.400	45.000	32.400	45.000	122.400	2.400		
2.410	421.600	193.800	102.000	717.400	2.410	45.000	32.400	47.400	124.800	2.410		
2.420	421.600	193.800	102.000	717.400	2.420	45.000	35.000	47.400	127.400	2.420		
2.430	421.600	193.800	102.000	717.400	2.430	45.000	35.000	47.400	127.400	2.430		
2.440	421.600	192.100	102.000	715.700	2.440	47.400	35.000	47.400	129.800	2.440		
2.450	425.000	193.800	102.000	720.800	2.450	47.400	35.000	50.000	132.400	2.450		
2.460	421.600	193.800	102.000	717.400	2.460	47.400	35.000	50.000	132.400	2.460		
2.470	421.600	192.100	98.600	712.300	2.470	47.400	35.000	50.000	132.400	2.470	End measurement	
2.480	425.000	192.100	98.600	715.700	2.480	47.400	35.000	50.000	132.400	2.480		
2.490	425.000	192.100	98.600	715.700	2.490	50.000	37.400	50.000	137.400	2.490		
2.500	425.000	192.100	98.600	715.700	2.500	47.400	35.000	50.000	132.400	2.500		
2.510	424.080	191.520	99.180	714.780	2.510	47.400	35.000	50.000	132.400	2.510		
2.520	424.080	191.520	99.180	714.780	2.520	50.000	37.400	50.000	137.400	2.520		
2.530	424.080	191.520	99.180	714.780	2.530	49.910	34.960	49.910	134.780	2.530		
2.540	427.500	189.810	99.180	716.490	2.540	49.910	37.490	52.440	139.840	2.540		
2.550	424.080	191.520	100.890	716.490	2.550	49.910	37.490	52.440	139.840	2.550		
2.560	424.080	189.810	99.180	713.070	2.560	49.910	37.490	52.440	139.840	2.560		
2.570	424.080	189.810	97.470	711.360	2.570	49.910	37.490	52.440	139.840	2.570		
2.580	424.080	189.810	99.180	713.070	2.580	49.910	37.490	52.440	139.840	2.580		
2.590	424.080	189.810	99.180	713.070	2.590	52.440	39.790	52.440	144.670	2.590		
2.600	424.080	186.390	97.470	707.940	2.600	49.910	39.790	54.970	144.670	2.600		
2.610	424.080	186.390	97.470	707.940	2.610	52.440	39.790	52.440	144.670	2.610		
2.620	424.080	186.390	99.180	709.650	2.620	52.440	39.790	52.440	144.670	2.620		
2.630	424.080	186.390	97.470	707.940	2.630	54.970	39.790	52.440	147.200	2.630		
2.640	424.080	186.390	97.470	707.940	2.640	54.970	39.790	52.440	147.200	2.640		
2.650	422.370	184.680	97.470	704.520	2.650	54.970	39.790	52.440	147.200	2.650		
2.660	420.000	181.440	97.440	698.880	2.660	54.970	39.790	52.440	147.200	2.660		
2.670	416.640	181.440	94.080	692.160	2.670	57.500	39.790	52.440	149.730	2.670		
2.680	420.000	181.440	97.440	698.880	2.680	57.460	39.780	52.260	149.500	2.680		
2.690	420.000	181.440	97.440	698.880	2.690	57.460	39.780	52.260	149.500	2.690		
2.700	420.000	181.440	97.440	698.880	2.700	57.460	42.380	52.260	152.100	2.700		
2.710	420.000	181.440	94.080	695.520	2.710	59.800	42.380	52.260	154.440	2.710		
2.720	420.000	181.440	94.080	695.520	2.720	62.400	42.380	52.260	157.040	2.720		
2.730	416.640	179.760	92.400	688.800	2.730	62.400	42.380	52.260	157.040	2.730		
2.740	414.960	179.760	94.080	688.800	2.740	62.400	44.980	52.260	159.640	2.740		
2.750	414.960	176.400	94.080	685.440	2.750	62.400	42.380	52.260	157.040	2.750		
2.760	411.600	176.400	92.400	680.400	2.760	65.000	42.380	52.260	159.640	2.760		
2.770	411.600	176.400	92.400	680.400	2.770	65.000	42.380	52.260	159.640	2.770		
2.780	409.920	174.720	92.400	677.040	2.780	65.000	42.380	52.260	159.640	2.780		
2.790	409.920	176.400	94.080	680.400	2.790	65.000	44.980	52.260	162.240	2.790		
2.800	409.920	176.400	92.400	678.720	2.800	65.000	44.980	52.260	162.240	2.800		
2.810	410.000	177.120	91.840	678.960	2.810	65.000	44.980	52.260	162.240	2.810		
2.820	410.000	177.120	91.840	678.960	2.820	65.000	44.980	52.260	162.240	2.820		
2.830	410.000	177.120	93.480	680.600	2.830	67.500	45.000	52.500	165.000	2.830		
2.840	406.720	177.120	93.480	677.320	2.840	67.500	45.000	52.500	165.000	2.840		
2.850	406.720	177.120	93.480	677.320	2.850	67.500	45.000	52.500	165.000	2.850		
2.860	406.720	177.120	91.840	675.680	2.860	67.500	45.000	52.500	165.000	2.860		
2.870	406.720	177.120	93.480	677.320	2.870	69.900	45.000	52.500	167.400	2.870		
2.880	406.720	177.120	91.840	675.680	2.880	69.900	45.000	52.500	167.400	2.880		
2.890	406.720	173.840	93.480	674.040	2.890	69.900	45.000	52.500	167.400	2.890		
2.900	406.720	173.840	91.840	672.400	2.900	69.900	45.000	49.800	164.700	2.900		
2.910	406.720	177.120	93.480	677.320	2.910	72.300	45.000	52.500	169.800	2.910		
2.920	406.720	173.840	93.480	674.040	2.920	69.900	45.000	52.500	167.400	2.920		
2.930	406.720	173.840	93.480	674.040	2.930	72.300	45.000	52.500	169.800	2.930		
2.940	406.720	173.840	91.840	672.400	2.940	75.000	45.000	52.500	172.500	2.940		
2.950	406.720	173.840	91.840	672.400	2.950	72.300	45.000	52.500	169.800	2.950		
2.960	407.500	176.040	94.540	678.080	2.960	75.000	45.000	52.500	172.500	2.960		
2.970	404.240	174.410	94.540	673.190	2.970	75.000	47.400	52.500	174.900	2.970		
2.980	404.240	174.410	94.540	673.190	2.980	74.880	47.160	52.200	174.240	2.980		
2.990	404.240	174.410	91.280	669.930	2.990	79.920	47.160	52.200	179.280	2.990		
3.000	404.240	174.410	94.540	673.190	3.000	79.920	47.160	49.680	176.760	3.000		
3.010	400.980	174.410	91.280	666.670	3.010	79.920	47.160	52.200	179.280	3.010		
3.020	400.980	174.410	91.280	666.670	3.020	79.920	47.160	52.200	179.280	3.020		
3.030	400.980	171.150	91.280	663.410	3.030	82.440	47.160	49.680	179.280	3.030		
3.040	400.980	171.150	91.280	663.410	3.040	82.440	49.680	49.680	181.800	3.040		
3.050	399.350	174.410	91.280	665.040	3.050	84.960	49.680	52.200	186.840	3.050		
3.060	399.350	171.150	91.280	661.780	3.060	84.960	49.680	49.680	184.320	3.060		
3.070	396.090	171.150	91.280	658.520	3.070	87.480	49.680	49.680	186.840	3.070		
3.080	396.090	171.150	91.280	658.520	3.080	87.480	49.680	49.680	186.840	3.080		
3.090	394.460	169.520	91.280	655.260	3.090	90.000	52.200	52.200	194.400	3.090		
3.100	394.460	169.520	91.280	655.260	3.100	90.000	52.200	49.680	191.880	3.100		
3.110	392.500	169.560	91.060	653.120	3.110	90.000	52.200	49.680	191.880	3.110		
3.120	392.500	169.560	94.200	656.260	3.120	90.000	52.200	52.200	194.400	3.120		
3.130	392.500	169.560	91.060	653.120	3.130	92.450	54.610	52.460	199.520	3.130		
3.140	389.360	169.560	91.060	649.980	3.140	92.450	52.460	52.460	197.370	3.140		
3.150	389.360	166.420	91.060	646.840	3.150	94.600	54.610	52.460	201.670	3.150		
3.160	386.220	169.560	94.200	649.980	3.160	94.600	54.610	52.460	201.670	3.160		
3.170	386.220	166.420	91.060	643.700	3.170	97.180	54.610	52.460	204.250	3.170		
3.180	384.650	169.560	91.060	645.270	3.180	97.180	54.610	49.880	201.670	3.180		
3.190	384.650	166.420	91.060	642.130	3.190	99.760	54.610	52.460	206.830	3.190		
3.200	381.510	166.420	94.200	642.130	3.200	99.760	57.190	52.460	209.410	3.200		
3.210	379.940	166.420	94.200	640.560	3.210	102.340	57.190	52.460	211.990	3.210		
3.220	379.940	164.850	94.200	638.990	3.220	99.760	57.190	52.460	209.410	3.220		
3.230	379.940	166.420	94.200	640.560	3.230	104.920	57.190	52.460	214.570	3.230		
3.240	376.800	166.420	94.200	637.420	3.240	104.920	59.770	52.460	217.150	3.240		
3.250	376.800	166.420	94.200	637.420	3.250	107.500	59.770	52.460	219.730	3.250		
3.260	375.000	165.000	94.500	634.500	3.260	104.920	59.770	49.880	214.570	3.260		
3.270	372.000	166.500	94.500	633.000	3.270	107.500	59.770	49.880	217.150	3.270		
3.280	369.000	166.500	94.500	630.000	3.280	109.760	59.920	52.080	221.760	3.280		
3.290	369.000	166.500	97.500	633.000	3.290	112.000	59.920	49.840	221.760	3.290		
3.300	367.500	169.500	97.500	634.500	3.300	114.800	59.920	49.840	224.560	3.300		
3.310	364.500	166.500	99.000	630.000	3.310	117.040	59.920	49.840	226.800	3.310		
3.320	361.500	169.500	99.000	630.000	3.320	117.040	59.920	49.840	226.800	3.320		
3.330	360.000	169.500	99.000	628.500	3.330	119.840	62.160	47.040	229.040	3.330		
3.340	357.000	169.500	99.000	625.500	3.340	122.080	62.160	47.040	231.280	3.340		
3.350	354.000	172.500	102.000	628.500	3.350	122.080	62.160	47.040	231.280	3.350		
3.360	352.500	172.500	102.000	627.000	3.360	127.120	62.160	47.040	236.320	3.360		
3.370	349.500	172.500	102.000	624.000	3.370	129.920	62.160	47.040	239.120	3.370		
3.380	346.500	169.500	102.000	618.000	3.380	132.160	64.960	47.040	244.160	3.380		
3.390	346.500	172.500	105.000	624.000	3.390	132.160	64.960	44.800	241.920	3.390		
3.400	345.000	174.000	105.000	624.000	3.400	134.960	64.960	44.800	244.720	3.400		
3.410	340.000	171.360	104.720	616.080	3.410	137.200	64.960	44.800	246.960	3.410		
3.420	337.280	171.360	107.440	616.080	3.420	140.000	64.960	44.800	249.760	3.420		
3.430	334.560	171.360	107.440	613.360	3.430	142.380	64.890	44.730	252.000	3.430		
3.440	331.840	174.080	107.440	613.360	3.440	142.380	62.370	44.730	249.480	3.440		
3.450	329.120	174.080	108.800	612.000	3.450	144.900	64.890	44.730	254.520	3.450		
3.460	326.400	174.080	108.800	609.280	3.460	144.900	64.890	42.210	252.000	3.460		
3.470	323.680	174.080	108.800	606.560	3.470	147.420	64.890	44.730	257.040	3.470		
3.480	322.320	174.080	108.800	605.200	3.480	149.940	64.890	42.210	257.040	3.480		
3.490	319.600	171.360	108.800	599.760	3.490	149.940	64.890	44.730	259.560	3.490		
3.500	316.880	174.080	108.800	599.760	3.500	152.460	64.890	42.210	259.560	3.500		
3.510	314.160	174.080	111.520	599.760	3.510	152.460	64.890	42.210	259.560	3.510		
3.520	314.160	174.080	114.240	602.480	3.520	154.980	64.890	42.210	262.080	3.520		
3.530	311.440	174.080	111.520	597.040	3.530	154.980	64.890	42.210	262.080	3.530		
3.540	308.720	174.080	114.240	597.040	3.540	154.980	64.890	42.210	262.080	3.540		
3.550					3.550	154.980	64.890	42.210	262.080	3.550		
3.560					3.560	154.980	64.890	44.730	264.600	3.560		
